0.000000000000000000e+00 8.359052702451334582e+00
1.000000020216089136e-01 -1.098995193111860544e+02
2.000000040432176052e-01 1.988676103682305651e+01
3.000000060648267408e-01 4.642465635163286208e+01
4.000000080864356544e-01 4.265414946857024603e+01
5.000000101080446235e-01 2.000610118290712336e+01
6.000000121296534816e-01 6.462880412632387106e+01
7.000000141512624507e-01 3.554416607825208985e+01
8.000000161728713088e-01 3.155905522137751973e+01
9.000000181944802780e-01 3.731237449194169642e+01
1.000000020216089247e+00 2.156582270645608546e+01
1.100000022237695774e+00 6.373759624864522522e+01
1.200000024259304521e+00 2.779048448598195264e+01
1.300000026280913490e+00 3.502371663290114157e+01
1.400000028302522459e+00 3.450203377525438952e+01
1.500000030324131206e+00 2.918330193430658781e+01
1.600000032345740175e+00 4.126684040944391541e+01
1.700000034367349144e+00 2.976475964170211341e+01
1.800000036388957891e+00 4.303383946889967859e+01
1.900000038410566860e+00 5.383241286224266986e+01
2.000000040432175830e+00 2.174908653643662504e+01
2.100000042453785021e+00 6.899781548459397129e+01
2.200000044475393324e+00 2.136921940927096131e+01
2.300000046497002515e+00 6.014470473334703371e+01
2.400000048518611262e+00 2.724393628836988768e+01
2.500000050540210683e+00 3.242697944160111234e+01
2.600000052561836750e+00 4.673714804492420427e+01
2.700000054583438391e+00 3.866041849084939486e+01
2.800000056605039589e+00 3.613900620756447069e+01
2.900000058626665655e+00 2.575083436497873279e+01
3.000000060648267297e+00 3.507932242304904946e+01
3.100000062669868939e+00 3.476321613337528049e+01
3.200000064691495005e+00 2.782577006149275434e+01
3.300000066713096647e+00 3.203342310344570620e+01
3.400000068734698289e+00 4.755520911228876457e+01
3.500000070756299486e+00 3.438701926251167151e+01
3.600000072777925997e+00 4.968192634821275533e+01
3.700000074799527194e+00 2.644492327565534140e+01
3.800000076821128836e+00 3.633197251466435063e+01
3.900000078842754458e+00 3.683416649099662976e+01
4.000000080864356988e+00 2.673497653987123357e+01
4.100000082885958186e+00 5.256451666926778898e+01
4.200000084907560272e+00 2.484878897128893982e+01
4.300000086929185450e+00 6.015708671403196206e+01
4.400000088950786648e+00 2.379107915493981196e+01
4.500000090972389621e+00 7.637442085819459692e+01
4.600000092994014800e+00 2.943740286794684380e+01
4.700000095015615997e+00 5.067175678711395648e+01
4.800000097037218083e+00 3.401994370297428105e+01
4.900000099058819281e+00 2.191611673533724058e+01
5.000000101080445347e+00 8.090090339394325269e+01
5.100000103102047433e+00 2.355640746889143955e+01
5.200000105123648630e+00 3.599584824862559884e+01
5.300000107145274697e+00 3.074811232846245446e+01
5.400000109166876783e+00 3.827158488155378535e+01
5.500000111188477980e+00 3.615936591554979884e+01
5.600000113210079178e+00 4.159303905256695089e+01
5.700000115231706133e+00 4.004764448554367817e+01
5.800000117253307330e+00 2.703837153794885140e+01
5.900000119274908528e+00 4.656875998937422878e+01
6.000000121296534594e+00 3.369305832932077749e+01
6.100000123318135792e+00 3.188005557550593494e+01
6.200000125339737878e+00 5.272666083249568203e+01
6.300000127361339963e+00 2.408245807704933128e+01
6.400000129382966030e+00 4.646880999497737719e+01
6.500000131404567227e+00 3.245957127909938578e+01
6.600000133426169313e+00 3.196970454793251193e+01
6.700000135447793603e+00 4.473384430676556178e+01
6.800000137469396577e+00 2.168156547963623026e+01
6.900000139490998663e+00 5.905492725382440966e+01
7.000000141512622953e+00 3.245258683043294212e+01
7.100000143534225927e+00 5.259467206639538972e+01
7.200000145555826236e+00 3.158792595916124668e+01
7.300000147577452303e+00 3.113926957264344608e+01
7.400000149599054389e+00 4.570736469214148201e+01
7.500000151620655586e+00 2.706471984478561765e+01
7.600000153642281653e+00 4.584350731048102290e+01
7.700000155663883739e+00 3.737137139074196313e+01
7.800000157685484936e+00 2.497703750314729021e+01
7.900000159707087022e+00 6.640650983629740267e+01
8.000000161728713977e+00 2.875023833185538891e+01
8.100000163750314286e+00 7.162788416000988434e+01
8.200000165771916372e+00 2.187881466479633019e+01
8.300000167793541550e+00 3.184782052935260666e+01
8.400000169815143636e+00 3.051499500087869521e+01
8.500000171836745722e+00 8.974974904067535419e+01
8.600000173858370900e+00 3.255689025843703632e+01
8.700000175879972986e+00 2.515350579205198756e+01
8.800000177901573295e+00 2.544459786077820596e+01
8.900000179923200250e+00 1.581871109908299786e+02
9.000000181944802335e+00 3.193798932558469517e+01
9.100000183966402645e+00 3.796175317839870189e+01
9.200000185988029600e+00 2.648334065221841627e+01
9.300000188009631685e+00 6.287463413751903119e+01
9.400000190031231995e+00 3.192313594541958466e+01
9.500000192052858949e+00 2.655216422614116212e+01
9.600000194074459259e+00 5.198928526886357560e+01
9.700000196096061345e+00 2.452186633764492996e+01
9.800000198117663430e+00 4.104408557746166508e+01
9.900000200139288609e+00 3.915071265949924140e+01
1.000000020216089069e+01 2.563898265523422637e+01
1.010000020418249278e+01 1.015809991004530701e+02
1.020000020620411796e+01 2.358052265314607965e+01
1.030000020822572004e+01 5.735072996925700295e+01
1.040000021024732213e+01 2.210516720347361641e+01
1.050000021226894731e+01 7.922005458560754221e+01
1.060000021429054939e+01 3.222465348185790646e+01
1.070000021631215148e+01 3.875334080621131960e+01
1.080000021833377666e+01 3.930018009976048887e+01
1.090000022035537874e+01 2.469187733639365590e+01
1.100000022237698083e+01 7.995603781669555588e+01
1.110000022439860601e+01 2.279688893486601842e+01
1.120000022642020632e+01 3.244381488868602759e+01
1.130000022844181018e+01 5.219729051693248323e+01
1.140000023046343536e+01 2.467608846843309323e+01
1.150000023248503567e+01 3.066655487522783119e+01
1.160000023450663775e+01 4.423648105905778749e+01
1.170000023652823984e+01 3.200586615969925219e+01
1.180000023854986502e+01 6.216447031292747027e+01
1.190000024057146710e+01 2.568068558379947675e+01
1.200000024259306919e+01 4.275665045771265937e+01
1.210000024461469437e+01 3.700081987997796062e+01
1.220000024663629645e+01 3.654290555777308924e+01
1.230000024865789854e+01 3.616688587335869443e+01
1.240000025067952372e+01 2.412606434463178573e+01
1.250000025270112580e+01 5.398195174610891911e+01
1.260000025472272789e+01 3.142910055389375756e+01
1.270000025674435307e+01 4.517194441541715832e+01
1.280000025876595515e+01 2.506810180558312240e+01
1.290000026078755546e+01 4.003498273896529724e+01
1.300000026280918242e+01 3.400479886484200875e+01
1.310000026483078450e+01 3.154088568361058620e+01
1.320000026685238659e+01 4.903616134739119303e+01
1.330000026887401177e+01 3.570869875693237105e+01
1.340000027089561385e+01 3.563324140242945504e+01
1.350000027291721416e+01 3.006261087728018921e+01
1.360000027493883934e+01 2.457357686154024279e+01
1.370000027696044320e+01 5.637716410546369872e+01
1.380000027898204529e+01 3.190353765878218084e+01
1.390000028100364560e+01 5.283765790835197862e+01
1.400000028302527255e+01 3.089275194750879905e+01
1.410000028504687286e+01 3.196072284781130435e+01
1.420000028706847672e+01 4.139991178590585719e+01
1.430000028909010013e+01 3.159685716237329700e+01
1.440000029111170399e+01 3.897256192103960615e+01
1.450000029313330430e+01 2.505173301726630797e+01
1.460000029515493125e+01 3.289634288900764858e+01
1.470000029717653156e+01 7.890872939932391716e+01
1.480000029919813187e+01 2.434010903125423297e+01
1.490000030121975882e+01 3.790655907194022944e+01
1.500000030324136269e+01 3.285284593690168009e+01
1.510000030526296300e+01 2.872425624785704557e+01
1.520000030728458995e+01 5.487652617252566500e+01
1.530000030930619026e+01 3.920705938827272519e+01
1.540000031132779057e+01 4.389291382694449339e+01
1.550000031334941752e+01 2.529819653583306405e+01
1.560000031537101783e+01 4.383147236487268827e+01
1.570000031739262170e+01 2.631741746647380964e+01
1.580000031941422201e+01 7.262855722304534822e+01
1.590000032143584896e+01 2.330520221307981998e+01
1.600000032345744927e+01 3.681335368913696726e+01
1.610000032547905136e+01 3.719761659678506760e+01
1.620000032750067831e+01 4.527744147183738477e+01
1.630000032952228040e+01 2.540302477715460228e+01
1.640000033154388248e+01 5.927535620637640790e+01
1.650000033356550588e+01 2.144933695691989328e+01
1.660000033558710797e+01 4.562568321563168894e+01
1.670000033760871005e+01 4.142299111582507010e+01
1.680000033963033346e+01 5.668360668543856207e+01
1.690000034165193554e+01 3.295992315556322438e+01
1.700000034367354118e+01 3.279015206333674826e+01
1.710000034569516458e+01 3.334429829331580208e+01
1.720000034771676667e+01 4.641762379353038881e+01
1.730000034973836875e+01 2.193974735407095267e+01
1.740000035175999216e+01 4.483126424793624665e+01
1.750000035378159424e+01 2.248948938976324996e+01
1.760000035580319988e+01 1.311898619299935831e+02
1.770000035782479841e+01 2.759182988627376432e+01
1.780000035984642537e+01 4.503828736632648599e+01
1.790000036186802745e+01 2.448814863840949130e+01
1.800000036388962599e+01 4.180249488458731832e+01
1.810000036591125294e+01 4.587146543309641089e+01
1.820000036793285503e+01 4.274416751800283976e+01
1.830000036995445711e+01 3.454274507639905778e+01
1.840000037197608407e+01 3.643949286021720724e+01
1.850000037399768615e+01 2.715980537243364523e+01
1.860000037601928469e+01 4.492903398321339381e+01
1.870000037804091164e+01 2.307028493755822041e+01
1.880000038006251373e+01 7.956672775496555516e+01
1.890000038208411581e+01 2.877585688078990245e+01
1.900000038410574277e+01 4.361152555245346463e+01
1.910000038612734485e+01 4.073088598487519363e+01
1.920000038814894339e+01 2.626701658200164147e+01
1.930000039017057034e+01 4.095570876534470273e+01
1.940000039219217243e+01 2.748262023656591779e+01
1.950000039421377451e+01 3.026488700091783457e+01
1.960000039623537660e+01 4.585746485838884468e+01
1.970000039825700355e+01 2.210410306542853576e+01
1.980000040027860209e+01 1.207343038223744429e+02
1.990000040230020417e+01 2.274196801247829214e+01
2.000000040432183113e+01 7.215054542035693430e+01
2.010000040634342966e+01 3.419035299821409524e+01
2.020000040836503530e+01 3.037109459887720675e+01
2.030000041038666225e+01 3.586876480066638351e+01
2.040000041240826079e+01 3.945604473248420874e+01
2.050000041442986287e+01 3.429678021497946361e+01
2.060000041645148983e+01 2.993576892325488714e+01
2.070000041847308836e+01 3.657935539767780853e+01
2.080000042049469400e+01 3.767948249424634355e+01
2.090000042251631740e+01 4.309600302579431030e+01
2.100000042453791949e+01 3.444078943017534300e+01
2.110000042655952157e+01 3.158373139661099316e+01
2.120000042858114853e+01 2.398822023514154012e+01
2.130000043060274706e+01 6.171585690450877593e+01
2.140000043262434914e+01 2.582916349687784319e+01
2.150000043464595123e+01 4.477970467918735409e+01
2.160000043666757819e+01 3.960257335999087758e+01
2.170000043868918027e+01 2.866086229105829020e+01
2.180000044071078236e+01 3.455503278459255512e+01
2.190000044273240576e+01 3.476642052810326078e+01
2.200000044475400784e+01 5.696185382331852765e+01
2.210000044677560993e+01 2.971644787074511740e+01
2.220000044879723333e+01 2.404045676334835946e+01
2.230000045081883897e+01 3.402600009747170873e+01
2.240000045284044106e+01 2.701532988531759116e+01
2.250000045486206446e+01 7.859870309954233392e+01
2.260000045688366654e+01 1.920971967987577855e+01
2.270000045890526863e+01 9.995392756466165451e+01
2.280000046092689203e+01 3.472071100395843501e+01
2.290000046294849767e+01 7.637793949681346817e+01
2.300000046497009976e+01 6.698668828194541902e+01
2.310000046699172316e+01 2.144539495130137752e+01
2.320000046901332524e+01 3.366392189841451454e+01
2.330000047103492733e+01 4.347570836449409626e+01
2.340000047305655073e+01 3.230814779827588978e+01
2.350000047507815637e+01 2.663166737343433965e+01
2.360000047709975846e+01 3.075070144933852490e+01
2.370000047912135699e+01 3.217202796838787293e+01
2.380000048114298394e+01 3.381909599288456292e+01
2.390000048316458603e+01 3.881458996770839320e+01
2.400000048518618811e+01 7.093275459929805038e+01
2.410000048720781152e+01 3.361270345796871339e+01
2.420000048922934255e+01 3.129910687677270431e+01
2.430000049125109030e+01 2.728204076076335483e+01
2.440000049327259291e+01 3.838683769059421280e+01
2.450000049529434065e+01 2.965206855367600625e+01
2.460000049731584326e+01 2.822500968147667777e+01
2.470000049933734942e+01 4.524044772253898827e+01
2.480000050135909717e+01 3.575545026963199291e+01
2.490000050338060333e+01 4.968984222513561377e+01
2.500000050540234753e+01 5.206479701938800986e+01
2.510000050742385369e+01 2.438311714397355701e+01
2.520000050944560144e+01 5.504924757638869437e+01
2.530000051146710760e+01 2.095398996697760197e+01
2.540000051348861021e+01 4.259832980414893200e+01
2.550000051551035440e+01 2.902155550443963961e+01
2.560000051753186412e+01 3.312231462152683292e+01
2.570000051955360831e+01 3.914660729061084510e+01
2.580000052157511092e+01 6.383405008320419682e+01
2.590000052359686222e+01 3.290681417060493175e+01
2.600000052561836483e+01 3.267583457916525447e+01
2.610000052763987100e+01 2.879606853625909935e+01
2.620000052966161519e+01 8.752306916350026711e+01
2.630000053168312490e+01 2.402183492374942020e+01
2.640000053370486910e+01 6.965225624588582320e+01
2.650000053572637526e+01 2.269486398984898301e+01
2.660000053774811946e+01 5.188164718019722699e+01
2.670000053976962207e+01 3.135859798501081031e+01
2.680000054179137337e+01 3.102721436131076160e+01
2.690000054381287597e+01 1.070714802034381421e+02
2.700000054583438214e+01 2.204427645868871721e+01
2.710000054785612633e+01 3.812589729521901916e+01
2.720000054987763605e+01 5.130702370985154914e+01
2.730000055189938024e+01 1.726099404900292100e+01
2.740000055392088640e+01 9.554391848614697835e+01
2.750000055594263060e+01 1.632195274254857864e+01
2.760000055796413321e+01 -4.884460318799022360e+01
2.770000055998564292e+01 1.794068089759321438e+01
2.780000056200738712e+01 8.157570030129934935e+01
2.790000056402889328e+01 3.127213026804441043e+01
2.800000056605064103e+01 2.872786253464612116e+01
2.810000056807214719e+01 9.564623197448869973e+01
2.820000057009389138e+01 2.031928561424373569e+01
2.830000057211539399e+01 4.891923674055130533e+01
2.840000057413690371e+01 2.426348033377805180e+01
2.850000057615864790e+01 4.474134144915787914e+01
2.860000057818015406e+01 2.856142777405678501e+01
2.870000058020189826e+01 5.193244844666780580e+01
2.880000058222340797e+01 5.805336581164368681e+01
2.890000058424515217e+01 3.403160265058678391e+01
2.900000058626665833e+01 3.564325485593295184e+01
2.910000058828816094e+01 5.473979366143836245e+01
2.920000059030990514e+01 2.624166070905053161e+01
2.930000059233141485e+01 2.635334611504758939e+01
2.940000059435315904e+01 3.878334822150936390e+01
2.950000059637466521e+01 3.539386748037384933e+01
2.960000059839640940e+01 3.143897554600625810e+01
2.970000060041791912e+01 5.971027601803397999e+01
2.980000060243942173e+01 2.676871846225095553e+01
2.990000060446116592e+01 3.310530313418147585e+01
3.000000060648267208e+01 2.730571527963444467e+01
3.010000060850441628e+01 5.909103575179457124e+01
3.020000061052592599e+01 3.281314860278627776e+01
3.030000061254767019e+01 2.888451482748698496e+01
3.040000061456917990e+01 3.466294402699120525e+01
3.050000061659067896e+01 2.772161513054335558e+01
3.060000061861243026e+01 1.058758009965977038e+02
3.070000062063393287e+01 2.652726202346772766e+01
3.080000062265567706e+01 3.161727986971015980e+01
3.090000062467718678e+01 4.365541915087870706e+01
3.100000062669893097e+01 4.778556421892190542e+01
3.110000062872043713e+01 5.014624018176448317e+01
3.120000063074218133e+01 2.242219908121630212e+01
3.130000063276369104e+01 4.619149143812835234e+01
3.140000063478519365e+01 2.891870904742684445e+01
3.150000063680694140e+01 2.878924150866761522e+01
3.160000063882844401e+01 3.629988420763907442e+01
3.170000064085018820e+01 2.835335359899955776e+01
3.180000064287169792e+01 1.044310993502512730e+02
3.190000064489344211e+01 2.228961556501358032e+01
3.200000064691494828e+01 4.382791806154703096e+01
3.210000064893645089e+01 2.759377120300049668e+01
3.220000065095820219e+01 1.228254077940874538e+02
3.230000065297970480e+01 1.921090724505389957e+01
3.240000065500144899e+01 1.274784289922999818e+02
3.250000065702295871e+01 2.466461928119647951e+01
3.260000065904470290e+01 3.959430066502786616e+01
3.270000066106621261e+01 4.443840207230528705e+01
3.280000066308770812e+01 1.990437333311091095e+01
3.290000066510945942e+01 8.669104913632148168e+01
3.300000066713096203e+01 2.867577578694642781e+01
3.310000066915271333e+01 3.318950327068205297e+01
3.320000067117421594e+01 4.765045075670670371e+01
3.330000067319596013e+01 2.129576317677674169e+01
3.340000067521746985e+01 6.929070494896060382e+02
3.350000067723897246e+01 1.697373295458788434e+01
3.360000067926072376e+01 1.159320409632665303e+02
3.370000068128222637e+01 2.762237223420429544e+01
3.380000068330397056e+01 5.213749337963670172e+01
3.390000068532547317e+01 2.798512277362334544e+01
3.400000068734722447e+01 2.800416669884921461e+01
3.410000068936872708e+01 4.224499762293672944e+01
3.420000069139022969e+01 7.589825300563202859e+01
3.430000069341198099e+01 1.830707681415502108e+01
3.440000069543348360e+01 -2.261008438141263639e+02
3.450000069745523490e+01 1.364169556119216864e+01
3.460000069947673751e+01 -1.631159739318140112e+02
3.470000070149848881e+01 1.779104655704525939e+01
3.480000070351998431e+01 3.326297970749776312e+01
3.490000070554149403e+01 -3.478655889873004526e+03
3.500000070756323822e+01 2.533754219037089328e+01
3.510000070958474083e+01 3.693097697625729836e+01
3.520000071160649213e+01 2.277748077791490999e+01
3.530000071362799474e+01 6.938499921252325464e+01
3.540000071564974604e+01 4.226740316016577736e+01
3.550000071767124865e+01 3.036384334333524038e+01
3.560000071969275837e+01 2.838903819733457112e+01
3.570000072171450256e+01 3.249963668546262596e+01
3.580000072373600517e+01 4.743243989478537515e+01
3.590000072575774936e+01 3.502635951227061639e+01
3.600000072777925197e+01 2.496550925043447222e+01
3.610000072980100327e+01 4.264041489156630860e+01
3.620000073182250588e+01 1.585906645490338178e+02
3.630000073384425718e+01 1.812882740768743162e+01
3.640000073586575979e+01 1.269774734607607343e+02
3.650000073788726951e+01 1.555004593830140003e+01
3.660000073990901370e+01 -3.933983948219475337e+02
3.670000074193051631e+01 2.325778178146795483e+01
3.680000074395226051e+01 3.396348706195716716e+01
3.690000074597376312e+01 1.004776768913157809e+02
3.700000074799551442e+01 2.652934944378626980e+01
3.710000075001701703e+01 8.433658386767146453e+01
3.720000075203852674e+01 1.596753651857568457e+01
3.730000075406027094e+01 4.400636237404699500e+02
3.740000075608177355e+01 3.179208726628804271e+01
3.750000075810352484e+01 3.385385794494030876e+01
3.760000076012502745e+01 2.760877752085246684e+01
3.770000076214677875e+01 1.927840997687343361e+01
3.780000076416828136e+01 -1.398379341575320325e+02
3.790000076618978397e+01 1.470375383768186239e+01
3.800000076821152817e+01 4.327941978121747013e+01
3.810000077023303788e+01 7.429106592952253152e+01
3.820000077225478208e+01 2.696821465936697493e+01
3.830000077427628469e+01 1.918281551029703849e+02
3.840000077629803599e+01 2.968493500720290257e+01
3.850000077831953860e+01 4.704817058377641814e+01
3.860000078034104831e+01 4.347233348405893594e+01
3.870000078236279251e+01 2.028547805731852449e+01
3.880000078438429512e+01 6.026532044907299479e+01
3.890000078640603931e+01 1.958508252053928445e+01
3.900000078842754903e+01 1.509509610997357640e+03
3.910000079044929322e+01 1.983952564441270994e+01
3.920000079247079583e+01 7.890244945096966944e+01
3.930000079449230554e+01 5.903636598422957604e+01
3.940000079651404974e+01 1.760320327322267531e+01
3.950000079853555945e+01 9.220160887162506924e+01
3.960000080055730365e+01 2.635437726373438139e+01
3.970000080257881336e+01 2.948121985168025461e+01
3.980000080460055756e+01 1.220964746056931460e+02
3.990000080662206017e+01 1.848857190234492265e+01
4.000000080864356278e+01 2.849646877949500094e+02
4.010000081066530697e+01 2.585016179924951274e+01
4.020000081268681669e+01 2.862725162392819911e+01
4.030000081470856088e+01 5.981388878440051116e+01
4.040000081673007060e+01 3.081758457071911650e+01
4.050000081875181479e+01 4.192403757672339282e+01
4.060000082077332451e+01 4.767745518516824887e+01
4.070000082279506870e+01 1.595993989286939296e+01
4.080000082481657131e+01 2.626736305129635980e+02
4.090000082683807392e+01 1.545424301907740805e+01
4.100000082885981811e+01 -8.955104129061800222e+01
4.110000083088132783e+01 1.849496558171849614e+01
4.120000083290307202e+01 -7.969519680100086134e+01
4.130000083492458174e+01 1.979435006595743474e+01
4.140000083694632593e+01 4.045896605095324361e+01
4.150000083896783565e+01 3.346050843426694854e+01
4.160000084098933826e+01 6.015493236013195855e+01
4.170000084301108245e+01 2.210102306569364217e+01
4.180000084503258506e+01 4.609516237053517784e+01
4.190000084705433636e+01 2.067886784100866748e+01
4.200000084907583897e+01 1.740470933290458788e+02
4.210000085109758317e+01 2.048048656604954232e+01
4.220000085311909288e+01 2.249022106021780019e+02
4.230000085514059549e+01 1.775366825032617157e+01
4.240000085716233968e+01 -1.630070056434322794e+02
4.250000085918384940e+01 2.471664723648179418e+01
4.260000086120559359e+01 2.522839979166508684e+01
4.270000086322710331e+01 2.093129375505787948e+01
4.280000086524884750e+01 1.106789051636536385e+02
4.290000086727035011e+01 2.018087969419302041e+01
4.300000086929185272e+01 1.151172981197358069e+02
4.310000087131360402e+01 2.538434660911611118e+01
4.320000087333510663e+01 -2.680131934336296581e+03
4.330000087535685083e+01 3.263109738861519560e+01
4.340000087737836054e+01 2.900765650833758968e+01
4.350000087940010474e+01 3.765272259281569944e+01
4.360000088142161445e+01 3.844285929085597786e+01
4.370000088344311706e+01 2.152135078855511097e+01
4.380000088546486126e+01 3.272040222689144429e+01
4.390000088748636387e+01 5.100847154184778276e+01
4.400000088950810806e+01 2.485124576373655358e+01
4.410000089152961777e+01 2.425251280345004261e+02
4.420000089355136197e+01 2.496850824378475053e+01
4.430000089557287168e+01 3.189331856408712440e+01
4.440000089759437429e+01 1.256477522114797267e+02
4.450000089961612559e+01 1.379653440083402849e+01
4.460000090163762820e+01 -8.250195392122614635e+01
4.470000090365937950e+01 1.884718677185171742e+01
4.480000090568088211e+01 9.119034217295615008e+01
4.490000090770262631e+01 2.623621672156812679e+01
4.500000090972412892e+01 2.724843624093627881e+01
4.510000091174587311e+01 5.440607978992245819e+01
4.520000091376738283e+01 4.797317837530503937e+01
4.530000091578888544e+01 2.878588869267554529e+01
4.540000091781063674e+01 2.204407291038332062e+01
4.550000091983213935e+01 3.269122688390918796e+01
4.560000092185389065e+01 1.875429361329756546e+02
4.570000092387539326e+01 1.479747882017833582e+01
4.580000092589713745e+01 5.657705312952550258e+01
4.590000092791864006e+01 2.429791123419318311e+01
4.600000092994014267e+01 -1.081198981395690907e+03
4.610000093196189397e+01 7.413375203062084040e+01
4.620000093398339658e+01 2.064139590238951882e+01
4.630000093600514788e+01 5.596998415836393548e+01
4.640000093802665049e+01 3.524333332874796554e+01
4.650000094004839468e+01 2.515372110317383303e+01
4.660000094206990440e+01 3.861219931385535631e+01
4.670000094409140701e+01 1.760149271092817358e+01
4.680000094611315831e+01 -1.134674797412253469e+02
4.690000094813465381e+01 1.721527371721418120e+01
4.700000095015640511e+01 6.451195986146780115e+02
4.710000095217790772e+01 2.486048031654058477e+01
4.720000095419965902e+01 4.680304337323411801e+01
4.730000095622116163e+01 7.193652156978519940e+01
4.740000095824266424e+01 2.016442423963933450e+01
4.750000096026441554e+01 3.493618837718537407e+01
4.760000096228591815e+01 8.283290579062901315e+01
4.770000096430766945e+01 2.122256427874201634e+01
4.780000096632917206e+01 9.199128748298453218e+01
4.790000096835091625e+01 2.231457669252558773e+01
4.800000097037241886e+01 5.135646747909121501e+01
4.810000097239392858e+01 3.786475908695620518e+01
4.820000097441567277e+01 1.945642984683584586e+01
4.830000097643717538e+01 -1.024440210188865166e+02
4.840000097845892668e+01 1.810814326268419094e+01
4.850000098048042929e+01 2.983383786005898841e+01
4.860000098250218059e+01 2.515749923445123670e+01
4.870000098452368320e+01 3.597875489979347208e+01
4.880000098654518581e+01 5.297546060231286447e+01
4.890000098856693711e+01 2.035294117320753671e+01
4.900000099058843972e+01 5.539605551450708276e+01
4.910000099261018391e+01 5.593042884639408641e+01
4.920000099463168652e+01 6.729013811631689634e+01
4.930000099665343782e+01 3.908909385531714520e+01
4.940000099867494043e+01 3.142454146301395213e+01
4.950000100069645015e+01 3.368248288653230560e+01
4.960000100271819434e+01 3.364612892205689576e+01
4.970000100473970406e+01 3.233061633495102433e+04
4.980000100676144825e+01 2.298234187366763237e+01
4.990000100878295086e+01 4.269355484231621034e+01
5.000000101080469506e+01 3.344911236856042080e+01
5.010000101282619767e+01 2.828453606972217571e+01
5.020000101484794897e+01 2.994305038166518784e+01
5.030000101686945158e+01 4.137293156338208888e+01
5.040000101889096129e+01 2.315817312384193016e+01
5.050000102091270548e+01 2.950371614987055224e+01
5.060000102293421520e+01 4.151560121436258299e+01
5.070000102495595939e+01 1.071930498573298962e+02
5.080000102697746200e+01 1.824395661149254266e+01
5.090000102899920620e+01 9.384358282109117511e+01
5.100000103102070881e+01 2.744538504819204761e+01
5.110000103304221852e+01 3.406433133655609424e+01
5.120000103506396272e+01 4.230429368612453800e+01
5.130000103708547243e+01 2.045387117640554919e+01
5.140000103910721663e+01 -1.088886834906021193e+02
5.150000104112872634e+01 1.452431920051134995e+01
5.160000104315047054e+01 1.403049790545692872e+02
5.170000104517198025e+01 1.496866223931151829e+01
5.180000104719347576e+01 1.430052869904944544e+02
5.190000104921522706e+01 -6.982066644735729710e+01
5.200000105123672967e+01 1.536308610833049926e+01
5.210000105325848097e+01 -1.658420683420119701e+02
5.220000105527997647e+01 1.338257110642340209e+01
5.230000105730172066e+01 -6.676066923699582389e+01
5.240000105932323038e+01 2.690673999184506826e+01
5.250000106134474009e+01 3.333737102522467666e+01
5.260000106336648429e+01 3.777949124802087510e+01
5.270000106538799400e+01 2.001009508268164439e+01
5.280000106740973820e+01 -4.451635093599290940e+02
5.290000106943124081e+01 3.623813993480815299e+01
5.300000107145298500e+01 1.399517953308287410e+01
5.310000107347449472e+01 -1.178898403585963024e+03
5.320000107549599022e+01 1.603231059971685113e+01
5.330000107751774863e+01 -1.097021169932319026e+03
5.340000107953924413e+01 2.724732529668133552e+01
5.350000108156100254e+01 1.724436893195864329e+01
5.360000108358249804e+01 -5.240304282805086586e+02
5.370000108560425645e+01 1.680910705726121179e+01
5.380000108762575195e+01 1.260780916917937304e+02
5.390000108964725456e+01 5.359718873287824437e+01
5.400000109166900586e+01 2.113123714894430449e+01
5.410000109369050847e+01 -1.922292921439917563e+02
5.420000109571225266e+01 1.994502613732531771e+01
5.430000109773376238e+01 -1.117063855791018625e+02
5.440000109975550657e+01 1.433858367445781212e+01
5.450000110177701629e+01 4.180928285031492209e+01
5.460000110379852600e+01 5.588619968696959006e+01
5.470000110582027020e+01 1.623241725682588310e+01
5.480000110784177281e+01 -1.374802780430419205e+02
5.490000110986351700e+01 1.487045116308601500e+01
5.500000111188501961e+01 7.398253763211936018e+01
5.510000111390677091e+01 5.266808760557936608e+01
5.520000111592826642e+01 3.311047128158771358e+01
5.530000111795002482e+01 3.565735848261399354e+01
5.540000111997152032e+01 2.928770091014108701e+01
5.550000112199303004e+01 3.193055186485945995e+01
5.560000112401477423e+01 8.165677279586428483e+01
5.570000112603628395e+01 1.754562610965367853e+01
5.580000112805802814e+01 -1.070752710655193169e+02
5.590000113007953075e+01 1.303956056196311231e+01
5.600000113210128205e+01 -3.225023489453170100e+01
5.610000113412278466e+01 2.231733258025613864e+01
5.620000113614429438e+01 1.475965446824751126e+01
5.630000113816603857e+01 4.652526649944101678e+02
5.640000114018754829e+01 1.719760064575901737e+01
5.650000114220929248e+01 -6.512723502521504315e+01
5.660000114423078799e+01 1.588383362049168923e+01
5.670000114625254639e+01 5.815497054276108457e+01
5.680000114827404190e+01 1.840588620307334722e+01
5.690000115029555161e+01 5.649777925041433235e+01
5.700000115231729581e+01 2.194674449611210605e+02
5.710000115433879841e+01 3.176456777178335145e+01
5.720000115636054261e+01 1.982959232207360145e+01
5.730000115838205232e+01 -1.192257268609801599e+02
5.740000116040379652e+01 2.583943277670816840e+01
5.750000116242530623e+01 2.245823706854922364e+01
5.760000116444681595e+01 2.233064353212845887e+01
5.770000116646856014e+01 8.907574077215050465e+02
5.780000116849006275e+01 2.437633000548981954e+01
5.790000117051181405e+01 -1.959018319263731769e+02
5.800000117253331666e+01 2.331982031559764934e+01
5.810000117455506086e+01 2.329152455508275565e+01
5.820000117657655636e+01 2.570982712802326731e+01
5.830000117859806608e+01 4.005718836131499927e+01
5.840000118061981027e+01 4.302395118616551173e+01
5.850000118264131999e+01 3.797737926055122415e+01
5.860000118466306418e+01 1.520422154138928406e+01
5.870000118668457390e+01 -2.177947140827040684e+01
5.880000118870631809e+01 1.538677539152739726e+01
5.890000119072782780e+01 1.618056185816474795e+02
5.900000119274933041e+01 1.719433677974458519e+01
5.910000119477107461e+01 -1.549595708794830671e+02
5.920000119679258432e+01 2.613968816447257737e+01
5.930000119881432852e+01 2.299653563782358745e+01
5.940000120083583823e+01 4.338109885965987900e+01
5.950000120285758243e+01 3.320939100538152502e+02
5.960000120487909214e+01 1.376221147188349647e+01
5.970000120690058765e+01 -1.253018949355436007e+02
5.980000120892233184e+01 1.012156402786650844e+01
5.990000121094384156e+01 -6.393597330517425092e+01
6.000000121296558575e+01 6.765719058301201017e+01
6.010000121498708836e+01 -2.667768816968886676e+04
6.020000121700883255e+01 2.566011349287757781e+01
6.030000121903034227e+01 3.222264098229211982e+01
6.040000122105208646e+01 3.040261301856831722e+01
6.050000122307359618e+01 2.031475206753310090e+02
6.060000122509510589e+01 2.142197507292499381e+01
6.070000122711685009e+01 2.933374129616280612e+01
6.080000122913835980e+01 2.746947767408752128e+01
6.090000123116010400e+01 4.824568036668593862e+01
6.100000123318160661e+01 1.239281762699325284e+01
6.110000123520335080e+01 -4.473616784182708983e+01
6.120000123722486052e+01 9.538539853267366198e+00
6.130000123924635602e+01 -4.747389006071008311e+01
6.140000124126811443e+01 2.439249816175595242e+01
6.150000124328960993e+01 -5.861023388393673628e+01
6.160000124531135413e+01 3.567971365276396511e+01
6.170000124733286384e+01 1.781578388678418605e+02
6.180000124935460803e+01 1.954762530327921155e+01
6.190000125137611775e+01 4.409054607919775037e+01
6.200000125339762036e+01 1.626540929649782541e+01
6.210000125541936455e+01 -3.003271534711843174e+02
6.220000125744087427e+01 1.727150787967390855e+01
6.230000125946261846e+01 2.933739900995761474e+01
6.240000126148412818e+01 6.054868464996069122e+01
6.250000126350587237e+01 5.745756234005138907e+01
6.260000126552738209e+01 1.696663658031869488e+02
6.270000126754887759e+01 1.873329064582563319e+01
6.280000126957063600e+01 1.143145782420481424e+02
6.290000127159213150e+01 1.266133199803225295e+01
6.300000127361388280e+01 3.975771238589819490e+01
6.310000127563537831e+01 5.365142469062746500e+01
6.320000127765712961e+01 3.197525207268355274e+01
6.330000127967863222e+01 1.052566249912188852e+02
6.340000128170014193e+01 2.157424943006588691e+01
6.350000128372188613e+01 -3.198872620009591628e+03
6.360000128574339584e+01 3.694408383128905626e+01
6.370000128776514003e+01 2.128620106899015596e+01
6.380000128978664975e+01 5.190082713624185118e+01
6.390000129180839394e+01 3.814911458840175840e+01
6.400000129382989655e+01 1.603774356077166274e+01
6.410000129585139916e+01 2.787316191911712053e+02
6.420000129787315757e+01 2.528916193117984079e+01
6.430000129989464597e+01 3.132771054508240383e+01
6.440000130191640437e+01 3.818834341000815158e+01
6.450000130393790698e+01 6.006979050024192190e+01
6.460000130595965118e+01 1.020492494093474392e+02
6.470000130798115379e+01 1.323389077788175960e+01
6.480000131000289798e+01 -5.267120186363093381e+01
6.490000131202440059e+01 8.134641695725917998e+00
6.500000131404591741e+01 -1.600060152444201833e+02
6.510000131606766161e+01 5.888047628515448650e+01
6.520000131808916422e+01 8.739673484646408497e+01
6.530000132011090841e+01 1.041249884007746118e+02
6.540000132213242523e+01 3.581166166094466519e+01
6.550000132415416942e+01 5.821397636615422755e+01
6.560000132617567203e+01 2.163012481383071872e+01
6.570000132819716043e+01 2.711638729921538271e+01
6.580000133021891884e+01 1.174918215596112425e+01
6.590000133224042145e+01 -5.347492806627698201e+02
6.600000133426217985e+01 3.869703433019484606e+01
6.610000133628366825e+01 1.587524973366523540e+01
6.620000133830542666e+01 7.702845148412002629e+01
6.630000134032692927e+01 8.585722569010229677e+01
6.640000134234843188e+01 -1.536467144224179151e+02
6.650000134437017607e+01 4.180532666032249978e+01
6.660000134639167868e+01 2.285883435242055839e+01
6.670000134841342287e+01 2.976531731352722332e+01
6.680000135043493970e+01 3.944499247489107319e+01
6.690000135245668389e+01 1.354085308257928375e+02
6.700000135447818650e+01 1.031830231521782970e+01
6.710000135649970332e+01 2.956492351286052411e+01
6.720000135852144751e+01 2.464705360754030394e+01
6.730000136054293591e+01 -2.795754469166931599e+01
6.740000136256469432e+01 1.916211234402102903e+01
6.750000136458619693e+01 3.320812137205631132e+01
6.760000136660794112e+01 1.722287929369094783e+01
6.770000136862944373e+01 6.157009536858427055e+03
6.780000137065094634e+01 3.387432910344327297e+01
6.790000137267269054e+01 1.309018333724690031e+01
6.800000137469420736e+01 4.373732012055614859e+01
6.810000137671595155e+01 -3.507434580061443796e+01
6.820000137873745416e+01 1.891118923365091860e+02
6.830000138075919836e+01 3.369793134765459541e+01
6.840000138278071518e+01 1.789324480157667097e+01
6.850000138480221779e+01 -2.945570012112763081e+01
6.860000138682396198e+01 9.020734286823108405e+00
6.870000138884546459e+01 -4.521202643011111633e+01
6.880000139086720878e+01 2.467923509142082139e+01
6.890000139288872560e+01 1.964209924901056681e+01
6.900000139491046980e+01 4.672388066341681423e+01
6.910000139693195820e+01 2.116801461302328846e+01
6.920000139895371660e+01 7.704845952742481074e+01
6.930000140097521921e+01 -1.849898902390291369e+03
6.940000140299672182e+01 2.200062358154343300e+01
6.950000140501846602e+01 1.655862980621514424e+01
6.960000140703996863e+01 1.317069819339305070e+02
6.970000140906171282e+01 1.533464156470722912e+02
6.980000141108322964e+01 1.988824047658806649e+01
6.990000141310497384e+01 1.931899370140954986e+01
7.000000141512647645e+01 2.124942830982051589e+01
7.010000141714799327e+01 -1.173777287600844090e+02
7.020000141916973746e+01 4.741207925762642361e+01
7.030000142119124007e+01 1.882178235617277196e+01
7.040000142321298426e+01 5.000888261094242182e+01
7.050000142523448687e+01 7.610968452929943169e+02
7.060000142725623107e+01 4.439552361584998152e+01
7.070000142927773368e+01 1.947798974420064155e+01
7.080000143129923629e+01 -1.155659659957574235e+02
7.090000143332098048e+01 2.566225236838394608e+01
7.100000143534249730e+01 2.163539958374894567e+01
7.110000143736424150e+01 -7.846696758975350861e+01
7.120000143938574411e+01 2.783578074674695912e+01
7.130000144140748830e+01 1.144918802231239709e+02
7.140000144342900512e+01 1.677645173627226072e+01
7.150000144545050773e+01 3.377921305795457840e+01
7.160000144747225193e+01 1.871894374122846827e+01
7.170000144949375454e+01 7.176608007342207429e+01
7.180000145151549873e+01 1.858607639143205148e+01
7.190000145353701555e+01 5.838693674325918437e+01
7.200000145555875974e+01 2.927706750467313768e+01
7.210000145758026235e+01 1.835734369682667122e+01
7.220000145960176496e+01 -1.536608556006025026e+02
7.230000146162350916e+01 1.394605887260505561e+01
7.240000146364501177e+01 4.621799397439943391e+01
7.250000146566675596e+01 -3.348330287856900611e+01
7.260000146768827278e+01 2.257405901442010432e+01
7.270000146971001698e+01 3.269113597073464916e+01
7.280000147173151959e+01 4.395260593805589622e+01
7.290000147375302220e+01 -9.440888161644270440e+02
7.300000147577476639e+01 1.749808724556723405e+01
7.310000147779628321e+01 1.946504345760420307e+01
7.320000147981802741e+01 6.013475839858666632e+02
7.330000148183953002e+01 7.734944743899683317e+01
7.340000148386127421e+01 1.760312080280638369e+01
7.350000148588277682e+01 -4.928230299258515146e+01
7.360000148790427943e+01 3.362531706969944167e+01
7.370000148992603783e+01 1.448588536807207383e+01
7.380000149194752623e+01 -8.730465509150791092e+01
7.390000149396927043e+01 1.098602701168743145e+01
7.400000149599078725e+01 9.495273500990995785e+01
7.410000149801253144e+01 3.098187394179891996e+01
7.420000150003403405e+01 2.493522206528250251e+01
7.430000150205577825e+01 3.223122890633415949e+01
7.440000150407729507e+01 1.612556073536207180e+01
7.450000150609879768e+01 -2.713242136165926510e+01
7.460000150812054187e+01 2.131332341191487600e+01
7.470000151014204448e+01 2.898443666792775630e+01
7.480000151216378868e+01 4.656193648136513019e+01
7.490000151418530550e+01 5.164847359753324696e+01
7.500000151620704969e+01 -5.445026186137786794e+01
7.510000151822855230e+01 1.103989371611525883e+01
7.520000152025005491e+01 1.059475480710053752e+01
7.530000152227181331e+01 -1.994092948308596362e+02
7.540000152429330171e+01 1.723221043722029222e+01
7.550000152631506012e+01 -1.674642091153642198e+01
7.560000152833656273e+01 1.259047644703744062e+01
7.570000153035830692e+01 6.818055106743109661e+01
7.580000153237980953e+01 1.904049606059526312e+01
7.590000153440131214e+01 -3.466474965191841306e+01
7.600000153642305634e+01 8.382150943015378175e+01
7.610000153844457316e+01 9.714586439863651890e+00
7.620000154046631735e+01 -2.389899890211685474e+01
7.630000154248781996e+01 3.120543588471132779e+01
7.640000154450956416e+01 1.611670775309877968e+01
7.650000154653106677e+01 3.212527602293705087e+01
7.660000154855256937e+01 2.279159645736508821e+01
7.670000155057432778e+01 2.130845644453083310e+01
7.680000155259581618e+01 -1.063085484365293212e+02
7.690000155461757458e+01 1.761611295005700484e+01
7.700000155663907719e+01 2.726051301805284410e+01
7.710000155866083560e+01 -2.846542180208770674e+02
7.720000156068232400e+01 5.234601410912138419e+01
7.730000156270384082e+01 2.045851499414826691e+01
7.740000156472558501e+01 2.134632809705731802e+02
7.750000156674708762e+01 3.704603906677539982e+01
7.760000156876883182e+01 6.168184913248880719e+01
7.770000157079033443e+01 1.400289488960450512e+01
7.780000157281207862e+01 6.739252988726788374e+01
7.790000157483359544e+01 9.049821468325814067e+01
7.800000157685509805e+01 6.389425816781823642e+01
7.810000157887684225e+01 8.185295875961163148e+00
7.820000158089834486e+01 -2.763210905485533431e+02
7.830000158292010326e+01 -1.409143344463749656e+02
7.840000158494159166e+01 -7.773566935278634560e+01
7.850000158696335006e+01 8.970515661928448736e+00
7.860000158898485267e+01 6.026910394959406858e+01
7.870000159100659687e+01 -1.770286435860326435e+01
7.880000159302809948e+01 1.044330158756307014e+01
7.890000159504960209e+01 8.611467593207962068e+01
7.900000159707134628e+01 1.249475839142567324e+01
7.910000159909286310e+01 -1.967889449818412828e+01
7.920000160111460730e+01 1.233837208896432536e+01
7.930000160313610991e+01 3.904198135064469710e+01
7.940000160515785410e+01 3.962656345051025397e+01
7.950000160717937092e+01 1.341447950724361817e+03
7.960000160920087353e+01 5.624581684071917920e+01
7.970000161122261773e+01 1.973194491637831050e+01
7.980000161324412034e+01 1.759383019126604495e+02
7.990000161526586453e+01 -2.087677911821195949e+02
8.000000161728736714e+01 8.938572484657143491e+00
8.010000161930912554e+01 -2.604553794602986159e+02
8.020000162133061394e+01 1.920320748441863756e+01
8.030000162335213076e+01 1.156241385195097138e+02
8.040000162537387496e+01 3.723706526375858061e+01
8.050000162739537757e+01 1.546914754775922773e+01
8.060000162941712176e+01 3.275191711856766119e+01
8.070000163143862437e+01 -3.274774588658257102e+01
8.080000163346036857e+01 1.706939561006629802e+01
8.090000163548188539e+01 3.342621250530478250e+01
8.100000163750338800e+01 1.922702239833800064e+01
8.110000163952513219e+01 -1.588619220325831627e+01
8.120000164154664901e+01 9.021988727505664940e+00
8.130000164356839321e+01 -9.154681830784653584e+01
8.140000164558988160e+01 9.529880657899063578e+00
8.150000164761164001e+01 -1.906815117918414160e+01
8.160000164963314262e+01 1.826713124741267080e+01
8.170000165165464523e+01 2.454111408567315067e+01
8.180000165367638942e+01 2.431826953419228943e+01
8.190000165569789203e+01 -4.326358941039699602e+01
8.200000165771963623e+01 2.729146481584739803e+01
8.210000165974115305e+01 1.578141841166905479e+01
8.220000166176289724e+01 3.823643816853351751e+01
8.230000166378439985e+01 -1.746002997766434817e+01
8.240000166580591667e+01 8.348273636916561102e+00
8.250000166782766087e+01 8.607923023117855337e+02
8.260000166984916348e+01 3.556664875034955031e+01
8.270000167187090767e+01 1.585660374195108524e+01
8.280000167389241028e+01 -5.049321943761109424e+02
8.290000167591415448e+01 2.324512263510575849e+01
8.300000167793567130e+01 4.433459204459931868e+01
8.310000167995741549e+01 3.210374282093218312e+01
8.320000168197890389e+01 -1.663241946530393136e+02
8.330000168400042071e+01 1.556148003200735097e+01
8.340000168602216490e+01 1.568764232669111358e+01
8.350000168804366751e+01 -2.953701979787524934e+01
8.360000169006541171e+01 2.766915381328128376e+01
8.370000169208691432e+01 -2.857683106098670223e+01
8.380000169410867272e+01 1.057923399187539815e+01
8.390000169613017533e+01 -5.572402566990999873e+01
8.400000169815167794e+01 8.546391401992501358e+00
8.410000170017342214e+01 1.474474654718574982e+02
8.420000170219493896e+01 3.924488622739598753e+01
8.430000170421668315e+01 2.559616706911549500e+01
8.440000170623818576e+01 1.027950530582971709e+02
8.450000170825992996e+01 1.293699807785474398e+01
8.460000171028143257e+01 -2.307916029611043385e+01
8.470000171230293518e+01 8.929785769104132953e+01
8.480000171432467937e+01 9.020586870548864766e+00
8.490000171634618198e+01 -5.300974173782601611e+02
8.500000171836792617e+01 1.893409687129802421e+01
8.510000172038944299e+01 -3.863586996152057509e+02
8.520000172241118719e+01 1.731460245586809066e+01
8.530000172443268980e+01 3.749185278898652030e+01
8.540000172645420662e+01 3.540145797196923638e+01
8.550000172847595081e+01 4.916075539631373204e+01
8.560000173049745342e+01 2.035347996738954919e+02
8.570000173251919762e+01 3.803963607463693108e+01
8.580000173454070023e+01 1.524345739865938398e+01
8.590000173656244442e+01 -1.258871039775320355e+01
8.600000173858396124e+01 8.149197030097612426e+00
8.610000174060544964e+01 -2.469202258624340175e+04
8.620000174262720805e+01 4.094972817858510439e+01
8.630000174464871066e+01 1.045262582125536355e+01
8.640000174667045485e+01 -6.056229515575538613e+01
8.650000174869195746e+01 1.032316719008489869e+01
8.660000175071370165e+01 -1.834173840332564254e+01
8.670000175273521847e+01 1.179401962951373939e+01
8.680000175475672108e+01 7.435607338241896969e+01
8.690000175677846528e+01 -5.080929553103333518e+01
8.700000175879996789e+01 9.085504886059094076e+01
8.710000176082171208e+01 1.546854547544312908e+01
8.720000176284322890e+01 1.060104536177185608e+01
8.730000176486497310e+01 2.896915838570788182e+01
8.740000176688647571e+01 -1.895825472306237813e+01
8.750000176890797832e+01 8.952336994270599035e+00
8.760000177092972251e+01 -5.025976508903107742e+01
8.770000177295122512e+01 1.584730562047404590e+02
8.780000177497298353e+01 1.707199931996179743e+01
8.790000177699447192e+01 -2.008237439753482249e+04
8.800000177901621612e+01 1.462265646741921366e+01
8.810000178103773294e+01 -4.767884431357757080e+01
8.820000178305947713e+01 1.069692776820865276e+01
8.830000178508097974e+01 -4.647228985729122996e+01
8.840000178710249656e+01 2.504131206033631329e+01
8.850000178912424076e+01 -3.056259333651941290e+01
8.860000179114574337e+01 1.612321559802893134e+01
8.870000179316748756e+01 1.747500661934289212e+01
8.880000179518899017e+01 3.399465264940250364e+01
8.890000179721073437e+01 5.041140891182809014e+01
8.900000179923225119e+01 -4.240988842759359301e+01
8.910000180125373959e+01 1.477592407441154343e+01
8.920000180327549799e+01 1.163519285161866001e+01
8.930000180529700060e+01 -2.162369294259075616e+02
8.940000180731875901e+01 -6.104697532471115665e+03
8.950000180934024741e+01 2.875096967463946953e+02
8.960000181136200581e+01 1.594892750121805136e+01
8.970000181338350842e+01 -1.190938919835317620e+02
8.980000181540501103e+01 -6.043434474648359611e+01
8.990000181742675522e+01 2.170137697632578977e+01
9.000000181944825783e+01 6.994097868200261026e+00
9.010000182147000203e+01 -1.199807572623603562e+02
9.020000182349151885e+01 1.243446490922638681e+01
9.030000182551326304e+01 -1.599702001536368456e+01
9.040000182753476565e+01 1.362201934377049461e+01
9.050000182955626826e+01 -7.105183873975711606e+01
9.060000183157802667e+01 -3.905203777365363749e+01
9.070000183359951507e+01 1.061592909372704696e+01
9.080000183562127347e+01 3.155537853213635913e+01
9.090000183764276187e+01 8.652766589449949919e+00
9.100000183966452028e+01 -8.598947302893606093e+00
9.110000184168602289e+01 8.568522319424612732e+00
9.120000184370752550e+01 7.187123385688038013e+01
9.130000184572926969e+01 1.907590878389078526e+01
9.140000184775078651e+01 2.274799468536744129e+01
9.150000184977253070e+01 -3.956713139492445208e+01
9.160000185179403331e+01 -5.405165211026345418e+01
9.170000185381577751e+01 1.292274147221543501e+01
9.180000185583728012e+01 -1.908110907083041141e+01
9.190000185785879694e+01 3.069384474852731515e+01
9.200000185988054113e+01 2.786867539285293915e+01
9.210000186190204374e+01 8.810510526881731863e+00
9.220000186392378794e+01 2.807197248707378989e+01
9.230000186594529055e+01 -2.447531826718696024e+01
9.240000186796704895e+01 8.085164981825881725e+00
9.250000186998853735e+01 -1.206049303752033985e+01
9.260000187201029576e+01 8.988700288754555956e+00
9.270000187403179837e+01 -1.225680237406382567e+01
9.280000187605330098e+01 2.388319158572643275e+01
9.290000187807504517e+01 8.820723839208762129e+00
9.300000188009654778e+01 8.089743353978850848e+01
9.310000188211829197e+01 1.271437982885154128e+01
9.320000188413980879e+01 -8.803419483758182196e+01
9.330000188616155299e+01 2.969945952717827709e+01
9.340000188818305560e+01 -9.914302746167525981e+01
9.350000189020457242e+01 9.597680164613905163e+00
9.360000189222631661e+01 3.417946118309662040e+01
9.370000189424781922e+01 -2.111881967978398933e+01
9.380000189626956342e+01 9.742091606902695489e+00
9.390000189829106603e+01 -1.338332619894520548e+01
9.400000190031281022e+01 5.791316412888778409e+00
9.410000190233431283e+01 -1.102934357453851710e+01
9.420000190435581544e+01 3.425041494859274138e+01
9.430000190637755964e+01 4.471563748723803400e+01
9.440000190839907646e+01 1.133809185797048968e+01
9.450000191042082065e+01 -1.199285655947607836e+02
9.460000191244232326e+01 8.683830742024349547e+01
9.470000191446406745e+01 -3.655318446153466539e+03
9.480000191648557006e+01 1.141163012690345013e+01
9.490000191850708688e+01 7.857924153680064805e+00
9.500000192052883108e+01 -1.072943912728069726e+01
9.510000192255033369e+01 6.878858345851410760e+00
9.520000192457207788e+01 -1.235766453320989022e+01
9.530000192659359470e+01 1.144846852259422221e+01
9.540000192861533890e+01 1.834665484570096794e+01
9.550000193063682730e+01 -1.120893014188408543e+01
9.560000193265834412e+01 1.500340380477164182e+01
9.570000193468008831e+01 1.319948466799576181e+01
9.580000193670159092e+01 -2.483005267777558345e+01
9.590000193872333512e+01 6.576809131353373417e+00
9.600000194074483773e+01 -1.322953152113376341e+01
9.610000194276658192e+01 7.703364845529582894e+00
9.620000194478809874e+01 -1.606559911879922993e+02
9.630000194680960135e+01 2.368336056280232640e+02
9.640000194883134554e+01 2.810029254278703448e+01
9.650000195085286236e+01 5.255687099062581069e+01
9.660000195287460656e+01 1.974984296075350088e+01
9.670000195489610917e+01 -8.680153538754469267e+00
9.680000195691785336e+01 6.892228221634558061e+00
9.690000195893935597e+01 1.232978939919947869e+01
9.700000196096085858e+01 -1.306973680553351080e+01
9.710000196298261699e+01 5.429141753524184111e+01
9.720000196500410539e+01 1.542013636342374561e+01
9.730000196702584958e+01 1.044990149754340969e+01
9.740000196904736640e+01 7.092295699699370459e+01
9.750000197106911060e+01 1.468016706134290139e+01
9.760000197309061321e+01 -1.188331399038996317e+01
9.770000197511235740e+01 1.798417035279463150e+01
9.780000197713387422e+01 1.716239353411048683e+02
9.790000197915537683e+01 1.111250254019670791e+01
9.800000198117712102e+01 -2.689728709530710660e+01
9.810000198319862363e+01 7.356743118977033369e+00
9.820000198522036783e+01 4.293558560440058613e+01
9.830000198724188465e+01 1.451801106652719930e+01
9.840000198926362884e+01 2.564057348440776423e+02
9.850000199128513145e+01 -2.789999559478015954e+02
9.860000199330663406e+01 2.875496464271851949e+01
9.870000199532837826e+01 2.906989207666379116e+01
9.880000199734988087e+01 7.933996332053526146e+01
9.890000199937162506e+01 8.421804291417143418e+01
9.900000200139312767e+01 -7.169015249451412330e+01
9.910000200341487187e+01 1.653990422092647350e+01
9.920000200543638869e+01 -2.754266499107180834e+02
9.930000200745789130e+01 3.764601375625812807e+01
9.940000200947963549e+01 2.592162998351204450e+01
9.950000201150115231e+01 5.253462151048816864e+00
9.960000201352289650e+01 -8.116426978653390023e+00
9.970000201554439911e+01 1.042570421617642396e+01
9.980000201756614331e+01 -2.486638441449293424e+01
9.990000201958764592e+01 1.412293931187901208e+01
