0.000000000000000000e+00 8.359052702460838091e+00
1.000000020216089136e-01 -1.098995193102362009e+02
2.000000040432176052e-01 1.988676103681506646e+01
3.000000060648267408e-01 4.642465635143749836e+01
4.000000080864356544e-01 4.265414946854536993e+01
5.000000101080446235e-01 2.000610118285014849e+01
6.000000121296534816e-01 6.462880412586181933e+01
7.000000141512624507e-01 3.554416607849400123e+01
8.000000161728713088e-01 3.155905522143958919e+01
9.000000181944802780e-01 3.731237449166748377e+01
1.000000020216089247e+00 2.156582270640829435e+01
1.100000022237695774e+00 6.373759624900138476e+01
1.200000024259304521e+00 2.779048448585878717e+01
1.300000026280913490e+00 3.502371663288234060e+01
1.400000028302522459e+00 3.450203377510936065e+01
1.500000030324131206e+00 2.918330193432758435e+01
1.600000032345740175e+00 4.126684040904766704e+01
1.700000034367349144e+00 2.976475964166940713e+01
1.800000036388957891e+00 4.303383946854560804e+01
1.900000038410566860e+00 5.383241286210687804e+01
2.000000040432175830e+00 2.174908653639078793e+01
2.100000042453785021e+00 6.899781548460228464e+01
2.200000044475393324e+00 2.136921940924857566e+01
2.300000046497002515e+00 6.014470473298346320e+01
2.400000048518611262e+00 2.724393628841104587e+01
2.500000050540210683e+00 3.242697944133976762e+01
2.600000052561836750e+00 4.673714804548311719e+01
2.700000054583438391e+00 3.866041849063364566e+01
2.800000056605039589e+00 3.613900620763761395e+01
2.900000058626665655e+00 2.575083436498395528e+01
3.000000060648267297e+00 3.507932242268046963e+01
3.100000062669868939e+00 3.476321613311974090e+01
3.200000064691495005e+00 2.782577006144818910e+01
3.300000066713096647e+00 3.203342310333345466e+01
3.400000068734698289e+00 4.755520911227296210e+01
3.500000070756299486e+00 3.438701926256614172e+01
3.600000072777925997e+00 4.968192634820734810e+01
3.700000074799527194e+00 2.644492327558245037e+01
3.800000076821128836e+00 3.633197251466003053e+01
3.900000078842754458e+00 3.683416649112827912e+01
4.000000080864356988e+00 2.673497653998034096e+01
4.100000082885958186e+00 5.256451666914441745e+01
4.200000084907560272e+00 2.484878897110327856e+01
4.300000086929185450e+00 6.015708671458486378e+01
4.400000088950786648e+00 2.379107915485628055e+01
4.500000090972389621e+00 7.637442085702384986e+01
4.600000092994014800e+00 2.943740286812148099e+01
4.700000095015615997e+00 5.067175678790326288e+01
4.800000097037218083e+00 3.401994370275171065e+01
4.900000099058819281e+00 2.191611673536485583e+01
5.000000101080445347e+00 8.090090339367164063e+01
5.100000103102047433e+00 2.355640746878422220e+01
5.200000105123648630e+00 3.599584824863430299e+01
5.300000107145274697e+00 3.074811232837413399e+01
5.400000109166876783e+00 3.827158488171246375e+01
5.500000111188477980e+00 3.615936591543128742e+01
5.600000113210079178e+00 4.159303905231713827e+01
5.700000115231706133e+00 4.004764448571808799e+01
5.800000117253307330e+00 2.703837153795456416e+01
5.900000119274908528e+00 4.656875998961220375e+01
6.000000121296534594e+00 3.369305832956501234e+01
6.100000123318135792e+00 3.188005557531499079e+01
6.200000125339737878e+00 5.272666083239482759e+01
6.300000127361339963e+00 2.408245807691145046e+01
6.400000129382966030e+00 4.646880999565945558e+01
6.500000131404567227e+00 3.245957127917182561e+01
6.600000133426169313e+00 3.196970454795153316e+01
6.700000135447793603e+00 4.473384430650033039e+01
6.800000137469396577e+00 2.168156547966823666e+01
6.900000139490998663e+00 5.905492725406627130e+01
7.000000141512622953e+00 3.245258683029260993e+01
7.100000143534225927e+00 5.259467206630367286e+01
7.200000145555826236e+00 3.158792595912886370e+01
7.300000147577452303e+00 3.113926957261297446e+01
7.400000149599054389e+00 4.570736469218115872e+01
7.500000151620655586e+00 2.706471984465137837e+01
7.600000153642281653e+00 4.584350731009224944e+01
7.700000155663883739e+00 3.737137139097695382e+01
7.800000157685484936e+00 2.497703750306329695e+01
7.900000159707087022e+00 6.640650983748237479e+01
8.000000161728713977e+00 2.875023833191259826e+01
8.100000163750314286e+00 7.162788415829287203e+01
8.200000165771916372e+00 2.187881466475590742e+01
8.300000167793541550e+00 3.184782052926500384e+01
8.400000169815143636e+00 3.051499500103372142e+01
8.500000171836745722e+00 8.974974903999616060e+01
8.600000173858370900e+00 3.255689025829408934e+01
8.700000175879972986e+00 2.515350579215688498e+01
8.800000177901573295e+00 2.544459786072391694e+01
8.900000179923200250e+00 1.581871109950103289e+02
9.000000181944802335e+00 3.193798932550060243e+01
9.100000183966402645e+00 3.796175317827742646e+01
9.200000185988029600e+00 2.648334065219406241e+01
9.300000188009631685e+00 6.287463413798295875e+01
9.400000190031231995e+00 3.192313594533473520e+01
9.500000192052858949e+00 2.655216422611704630e+01
9.600000194074459259e+00 5.198928526932056826e+01
9.700000196096061345e+00 2.452186633765653667e+01
9.800000198117663430e+00 4.104408557723859019e+01
9.900000200139288609e+00 3.915071265952921920e+01
1.000000020216089069e+01 2.563898265514708541e+01
1.010000020418249278e+01 1.015809991016718783e+02
1.020000020620411796e+01 2.358052265315658858e+01
1.030000020822572004e+01 5.735072996948562007e+01
1.040000021024732213e+01 2.210516720358151588e+01
1.050000021226894731e+01 7.922005458700462555e+01
1.060000021429054939e+01 3.222465348183015976e+01
1.070000021631215148e+01 3.875334080594485187e+01
1.080000021833377666e+01 3.930018009917287003e+01
1.090000022035537874e+01 2.469187733649816607e+01
1.100000022237698083e+01 7.995603781393096199e+01
1.110000022439860601e+01 2.279688893492699364e+01
1.120000022642020632e+01 3.244381488881170128e+01
1.130000022844181018e+01 5.219729051643842155e+01
1.140000023046343536e+01 2.467608846847564763e+01
1.150000023248503567e+01 3.066655487519859591e+01
1.160000023450663775e+01 4.423648105939198416e+01
1.170000023652823984e+01 3.200586615941088553e+01
1.180000023854986502e+01 6.216447031300099724e+01
1.190000024057146710e+01 2.568068558381182243e+01
1.200000024259306919e+01 4.275665045783829044e+01
1.210000024461469437e+01 3.700081988007513445e+01
1.220000024663629645e+01 3.654290555800245954e+01
1.230000024865789854e+01 3.616688587285894840e+01
1.240000025067952372e+01 2.412606434458375659e+01
1.250000025270112580e+01 5.398195174689908526e+01
1.260000025472272789e+01 3.142910055391460133e+01
1.270000025674435307e+01 4.517194441556425488e+01
1.280000025876595515e+01 2.506810180566105473e+01
1.290000026078755546e+01 4.003498273916538608e+01
1.300000026280918242e+01 3.400479886522103357e+01
1.310000026483078450e+01 3.154088568348737454e+01
1.320000026685238659e+01 4.903616134660892811e+01
1.330000026887401177e+01 3.570869875677163918e+01
1.340000027089561385e+01 3.563324140239641480e+01
1.350000027291721416e+01 3.006261087716590907e+01
1.360000027493883934e+01 2.457357686164604260e+01
1.370000027696044320e+01 5.637716410442484971e+01
1.380000027898204529e+01 3.190353765916509943e+01
1.390000028100364560e+01 5.283765790786286232e+01
1.400000028302527255e+01 3.089275194767807520e+01
1.410000028504687286e+01 3.196072284768520078e+01
1.420000028706847672e+01 4.139991178621101398e+01
1.430000028909010013e+01 3.159685716250143628e+01
1.440000029111170399e+01 3.897256192146640075e+01
1.450000029313330430e+01 2.505173301725379176e+01
1.460000029515493125e+01 3.289634288882223956e+01
1.470000029717653156e+01 7.890872939950320131e+01
1.480000029919813187e+01 2.434010903133114923e+01
1.490000030121975882e+01 3.790655907227360188e+01
1.500000030324136269e+01 3.285284593677298659e+01
1.510000030526296300e+01 2.872425624775787512e+01
1.520000030728458995e+01 5.487652617276988565e+01
1.530000030930619026e+01 3.920705938831974890e+01
1.540000031132779057e+01 4.389291382700335475e+01
1.550000031334941752e+01 2.529819653556292636e+01
1.560000031537101783e+01 4.383147236483173970e+01
1.570000031739262170e+01 2.631741746652834024e+01
1.580000031941422201e+01 7.262855722213667775e+01
1.590000032143584896e+01 2.330520221298618821e+01
1.600000032345744927e+01 3.681335368896959892e+01
1.610000032547905136e+01 3.719761659626438899e+01
1.620000032750067831e+01 4.527744147147456033e+01
1.630000032952228040e+01 2.540302477684473104e+01
1.640000033154388248e+01 5.927535620698162688e+01
1.650000033356550588e+01 2.144933695669816132e+01
1.660000033558710797e+01 4.562568321535589888e+01
1.670000033760871005e+01 4.142299111637503017e+01
1.680000033963033346e+01 5.668360668518078427e+01
1.690000034165193554e+01 3.295992315531215411e+01
1.700000034367354118e+01 3.279015206341211552e+01
1.710000034569516458e+01 3.334429829378659349e+01
1.720000034771676667e+01 4.641762379336237387e+01
1.730000034973836875e+01 2.193974735417840805e+01
1.740000035175999216e+01 4.483126424737744031e+01
1.750000035378159424e+01 2.248948938982545087e+01
1.760000035580319988e+01 1.311898619321295314e+02
1.770000035782479841e+01 2.759182988644553447e+01
1.780000035984642537e+01 4.503828736617393247e+01
1.790000036186802745e+01 2.448814863851541190e+01
1.800000036388962599e+01 4.180249488445721084e+01
1.810000036591125294e+01 4.587146543241121321e+01
1.820000036793285503e+01 4.274416751768119838e+01
1.830000036995445711e+01 3.454274507630847779e+01
1.840000037197608407e+01 3.643949286058499126e+01
1.850000037399768615e+01 2.715980537237908266e+01
1.860000037601928469e+01 4.492903398336808607e+01
1.870000037804091164e+01 2.307028493770645383e+01
1.880000038006251373e+01 7.956672775450213919e+01
1.890000038208411581e+01 2.877585688043733825e+01
1.900000038410574277e+01 4.361152555288470722e+01
1.910000038612734485e+01 4.073088598475271738e+01
1.920000038814894339e+01 2.626701658177689325e+01
1.930000039017057034e+01 4.095570876555569129e+01
1.940000039219217243e+01 2.748262023631869511e+01
1.950000039421377451e+01 3.026488700080166439e+01
1.960000039623537660e+01 4.585746485759113256e+01
1.970000039825700355e+01 2.210410306539003855e+01
1.980000040027860209e+01 1.207343038300330988e+02
1.990000040230020417e+01 2.274196801251713396e+01
2.000000040432183113e+01 7.215054541839113256e+01
2.010000040634342966e+01 3.419035299812333051e+01
2.020000040836503530e+01 3.037109459838769965e+01
2.030000041038666225e+01 3.586876480049895832e+01
2.040000041240826079e+01 3.945604473196674178e+01
2.050000041442986287e+01 3.429678021440933122e+01
2.060000041645148983e+01 2.993576892367575226e+01
2.070000041847308836e+01 3.657935539716480378e+01
2.080000042049469400e+01 3.767948249384258474e+01
2.090000042251631740e+01 4.309600302498321867e+01
2.100000042453791949e+01 3.444078943019297157e+01
2.110000042655952157e+01 3.158373139677683028e+01
2.120000042858114853e+01 2.398822023515044322e+01
2.130000043060274706e+01 6.171585690399304269e+01
2.140000043262434914e+01 2.582916349682120938e+01
2.150000043464595123e+01 4.477970467942125765e+01
2.160000043666757819e+01 3.960257336049085097e+01
2.170000043868918027e+01 2.866086229107325423e+01
2.180000044071078236e+01 3.455503278425327807e+01
2.190000044273240576e+01 3.476642052806271010e+01
2.200000044475400784e+01 5.696185382337372971e+01
2.210000044677560993e+01 2.971644787080456496e+01
2.220000044879723333e+01 2.404045676324213687e+01
2.230000045081883897e+01 3.402600009725842511e+01
2.240000045284044106e+01 2.701532988481526587e+01
2.250000045486206446e+01 7.859870309714101211e+01
2.260000045688366654e+01 1.920971967962044502e+01
2.270000045890526863e+01 9.995392755922897265e+01
2.280000046092689203e+01 3.472071100366454033e+01
2.290000046294849767e+01 7.637793949538560412e+01
2.300000046497009976e+01 6.698668828061761360e+01
2.310000046699172316e+01 2.144539495109499327e+01
2.320000046901332524e+01 3.366392189830398252e+01
2.330000047103492733e+01 4.347570836411835415e+01
2.340000047305655073e+01 3.230814779822617311e+01
2.350000047507815637e+01 2.663166737350768187e+01
2.360000047709975846e+01 3.075070144938894146e+01
2.370000047912135699e+01 3.217202796828760114e+01
2.380000048114298394e+01 3.381909599214003492e+01
2.390000048316458603e+01 3.881458996740661860e+01
2.400000048518618811e+01 7.093275460031297541e+01
2.410000048720781152e+01 3.361270345802738291e+01
2.420000048922934255e+01 3.129910687692208171e+01
2.430000049125109030e+01 2.728204076069055617e+01
2.440000049327259291e+01 3.838683769096873277e+01
2.450000049529434065e+01 2.965206855403331687e+01
2.460000049731584326e+01 2.822500968132063903e+01
2.470000049933734942e+01 4.524044772254892166e+01
2.480000050135909717e+01 3.575545026918768343e+01
2.490000050338060333e+01 4.968984222489518743e+01
2.500000050540234753e+01 5.206479701912458324e+01
2.510000050742385369e+01 2.438311714394548346e+01
2.520000050944560144e+01 5.504924757609376940e+01
2.530000051146710760e+01 2.095398996686835247e+01
2.540000051348861021e+01 4.259832980460898710e+01
2.550000051551035440e+01 2.902155550406065032e+01
2.560000051753186412e+01 3.312231462185996378e+01
2.570000051955360831e+01 3.914660729030553199e+01
2.580000052157511092e+01 6.383405008444530893e+01
2.590000052359686222e+01 3.290681417006321396e+01
2.600000052561836483e+01 3.267583457900557420e+01
2.610000052763987100e+01 2.879606853571717906e+01
2.620000052966161519e+01 8.752306916348689469e+01
2.630000053168312490e+01 2.402183492395207054e+01
2.640000053370486910e+01 6.965225624686361527e+01
2.650000053572637526e+01 2.269486398951252681e+01
2.660000053774811946e+01 5.188164717802715842e+01
2.670000053976962207e+01 3.135859798466048076e+01
2.680000054179137337e+01 3.102721436130621058e+01
2.690000054381287597e+01 1.070714802056896104e+02
2.700000054583438214e+01 2.204427645893147769e+01
2.710000054785612633e+01 3.812589729572857777e+01
2.720000054987763605e+01 5.130702370918702826e+01
2.730000055189938024e+01 1.726099404888253730e+01
2.740000055392088640e+01 9.554391848565904866e+01
2.750000055594263060e+01 1.632195274244061522e+01
2.760000055796413321e+01 -4.884460318703873583e+01
2.770000055998564292e+01 1.794068089756018125e+01
2.780000056200738712e+01 8.157570029659775912e+01
2.790000056402889328e+01 3.127213026799095630e+01
2.800000056605064103e+01 2.872786253464238371e+01
2.810000056807214719e+01 9.564623197813095601e+01
2.820000057009389138e+01 2.031928561426335378e+01
2.830000057211539399e+01 4.891923674066617167e+01
2.840000057413690371e+01 2.426348033401355764e+01
2.850000057615864790e+01 4.474134144865342932e+01
2.860000057818015406e+01 2.856142777376863862e+01
2.870000058020189826e+01 5.193244844734019949e+01
2.880000058222340797e+01 5.805336581011354724e+01
2.890000058424515217e+01 3.403160265046772537e+01
2.900000058626665833e+01 3.564325485605795762e+01
2.910000058828816094e+01 5.473979365977327660e+01
2.920000059030990514e+01 2.624166070897882364e+01
2.930000059233141485e+01 2.635334611518473125e+01
2.940000059435315904e+01 3.878334822142878835e+01
2.950000059637466521e+01 3.539386748005503591e+01
2.960000059839640940e+01 3.143897554570439112e+01
2.970000060041791912e+01 5.971027601694203923e+01
2.980000060243942173e+01 2.676871846210313421e+01
2.990000060446116592e+01 3.310530313373388367e+01
3.000000060648267208e+01 2.730571527929163267e+01
3.010000060850441628e+01 5.909103575124003527e+01
3.020000061052592599e+01 3.281314860272320999e+01
3.030000061254767019e+01 2.888451482756386568e+01
3.040000061456917990e+01 3.466294402619548976e+01
3.050000061659067896e+01 2.772161513049696779e+01
3.060000061861243026e+01 1.058758009908437288e+02
3.070000062063393287e+01 2.652726202349489881e+01
3.080000062265567706e+01 3.161727986934696588e+01
3.090000062467718678e+01 4.365541915085495361e+01
3.100000062669893097e+01 4.778556421912433905e+01
3.110000062872043713e+01 5.014624018072350253e+01
3.120000063074218133e+01 2.242219908123559691e+01
3.130000063276369104e+01 4.619149143767404553e+01
3.140000063478519365e+01 2.891870904691166544e+01
3.150000063680694140e+01 2.878924150823883821e+01
3.160000063882844401e+01 3.629988420722068554e+01
3.170000064085018820e+01 2.835335359890550677e+01
3.180000064287169792e+01 1.044310993456803942e+02
3.190000064489344211e+01 2.228961556502999741e+01
3.200000064691494828e+01 4.382791806122454403e+01
3.210000064893645089e+01 2.759377120302547226e+01
3.220000065095820219e+01 1.228254077953419738e+02
3.230000065297970480e+01 1.921090724502913361e+01
3.240000065500144899e+01 1.274784289830325577e+02
3.250000065702295871e+01 2.466461928146090443e+01
3.260000065904470290e+01 3.959430066460722486e+01
3.270000066106621261e+01 4.443840207137727560e+01
3.280000066308770812e+01 1.990437333296397071e+01
3.290000066510945942e+01 8.669104913957714587e+01
3.300000066713096203e+01 2.867577578655941650e+01
3.310000066915271333e+01 3.318950327088273866e+01
3.320000067117421594e+01 4.765045075872166791e+01
3.330000067319596013e+01 2.129576317679251574e+01
3.340000067521746985e+01 6.929070494581429784e+02
3.350000067723897246e+01 1.697373295455455278e+01
3.360000067926072376e+01 1.159320409691464846e+02
3.370000068128222637e+01 2.762237223411712961e+01
3.380000068330397056e+01 5.213749337932600980e+01
3.390000068532547317e+01 2.798512277349447430e+01
3.400000068734722447e+01 2.800416669903545497e+01
3.410000068936872708e+01 4.224499762201500630e+01
3.420000069139022969e+01 7.589825300960762888e+01
3.430000069341198099e+01 1.830707681408343745e+01
3.440000069543348360e+01 -2.261008438147688082e+02
3.450000069745523490e+01 1.364169556118987536e+01
3.460000069947673751e+01 -1.631159739321518600e+02
3.470000070149848881e+01 1.779104655688217562e+01
3.480000070351998431e+01 3.326297970737134335e+01
3.490000070554149403e+01 -3.478655890643089151e+03
3.500000070756323822e+01 2.533754219058839752e+01
3.510000070958474083e+01 3.693097697665231038e+01
3.520000071160649213e+01 2.277748077783086700e+01
3.530000071362799474e+01 6.938499921174246765e+01
3.540000071564974604e+01 4.226740315942560500e+01
3.550000071767124865e+01 3.036384334355545533e+01
3.560000071969275837e+01 2.838903819728447075e+01
3.570000072171450256e+01 3.249963668555656682e+01
3.580000072373600517e+01 4.743243989374063574e+01
3.590000072575774936e+01 3.502635951250243806e+01
3.600000072777925197e+01 2.496550925045851699e+01
3.610000072980100327e+01 4.264041489191086498e+01
3.620000073182250588e+01 1.585906645601517937e+02
3.630000073384425718e+01 1.812882740755197020e+01
3.640000073586575979e+01 1.269774734638334621e+02
3.650000073788726951e+01 1.555004593829899129e+01
3.660000073990901370e+01 -3.933983948312082930e+02
3.670000074193051631e+01 2.325778178159876575e+01
3.680000074395226051e+01 3.396348706119253791e+01
3.690000074597376312e+01 1.004776768942578826e+02
3.700000074799551442e+01 2.652934944363794756e+01
3.710000075001701703e+01 8.433658386795869433e+01
3.720000075203852674e+01 1.596753651857318346e+01
3.730000075406027094e+01 4.400636238457329341e+02
3.740000075608177355e+01 3.179208726617812175e+01
3.750000075810352484e+01 3.385385794533455339e+01
3.760000076012502745e+01 2.760877752080914860e+01
3.770000076214677875e+01 1.927840997702045556e+01
3.780000076416828136e+01 -1.398379341645300826e+02
3.790000076618978397e+01 1.470375383768051236e+01
3.800000076821152817e+01 4.327941977932089657e+01
3.810000077023303788e+01 7.429106592614189708e+01
3.820000077225478208e+01 2.696821465928641359e+01
3.830000077427628469e+01 1.918281551062919448e+02
3.840000077629803599e+01 2.968493500688373032e+01
3.850000077831953860e+01 4.704817058308458400e+01
3.860000078034104831e+01 4.347233348432246913e+01
3.870000078236279251e+01 2.028547805745895261e+01
3.880000078438429512e+01 6.026532044994996795e+01
3.890000078640603931e+01 1.958508252053580279e+01
3.900000078842754903e+01 1.509509611779637453e+03
3.910000079044929322e+01 1.983952564446899913e+01
3.920000079247079583e+01 7.890244945186194059e+01
3.930000079449230554e+01 5.903636598210040631e+01
3.940000079651404974e+01 1.760320327315767130e+01
3.950000079853555945e+01 9.220160887154986540e+01
3.960000080055730365e+01 2.635437726369349676e+01
3.970000080257881336e+01 2.948121985180385707e+01
3.980000080460055756e+01 1.220964745995720477e+02
3.990000080662206017e+01 1.848857190230743797e+01
4.000000080864356278e+01 2.849646877901137714e+02
4.010000081066530697e+01 2.585016179954569893e+01
4.020000081268681669e+01 2.862725162355059183e+01
4.030000081470856088e+01 5.981388878454783509e+01
4.040000081673007060e+01 3.081758457066313994e+01
4.050000081875181479e+01 4.192403757635394612e+01
4.060000082077332451e+01 4.767745518583399900e+01
4.070000082279506870e+01 1.595993989273927127e+01
4.080000082481657131e+01 2.626736304741564254e+02
4.090000082683807392e+01 1.545424301908692755e+01
4.100000082885981811e+01 -8.955104129231142451e+01
4.110000083088132783e+01 1.849496558150844194e+01
4.120000083290307202e+01 -7.969519680810327600e+01
4.130000083492458174e+01 1.979435006593210389e+01
4.140000083694632593e+01 4.045896605076511321e+01
4.150000083896783565e+01 3.346050843385662432e+01
4.160000084098933826e+01 6.015493236207881012e+01
4.170000084301108245e+01 2.210102306571158337e+01
4.180000084503258506e+01 4.609516236901092867e+01
4.190000084705433636e+01 2.067886784074417506e+01
4.200000084907583897e+01 1.740470933255031412e+02
4.210000085109758317e+01 2.048048656608494156e+01
4.220000085311909288e+01 2.249022106166412129e+02
4.230000085514059549e+01 1.775366825047994368e+01
4.240000085716233968e+01 -1.630070056331061039e+02
4.250000085918384940e+01 2.471664723650474826e+01
4.260000086120559359e+01 2.522839979172098523e+01
4.270000086322710331e+01 2.093129375540512527e+01
4.280000086524884750e+01 1.106789051635273324e+02
4.290000086727035011e+01 2.018087969439380913e+01
4.300000086929185272e+01 1.151172981222871385e+02
4.310000087131360402e+01 2.538434660949980426e+01
4.320000087333510663e+01 -2.680131936549690181e+03
4.330000087535685083e+01 3.263109738844685381e+01
4.340000087737836054e+01 2.900765650773897875e+01
4.350000087940010474e+01 3.765272259294561508e+01
4.360000088142161445e+01 3.844285929158656501e+01
4.370000088344311706e+01 2.152135078855175720e+01
4.380000088546486126e+01 3.272040222634520035e+01
4.390000088748636387e+01 5.100847154104083359e+01
4.400000088950810806e+01 2.485124576407282504e+01
4.410000089152961777e+01 2.425251280488494956e+02
4.420000089355136197e+01 2.496850824450166684e+01
4.430000089557287168e+01 3.189331856449213376e+01
4.440000089759437429e+01 1.256477522019014970e+02
4.450000089961612559e+01 1.379653440075660420e+01
4.460000090163762820e+01 -8.250195392605326106e+01
4.470000090365937950e+01 1.884718677176018176e+01
4.480000090568088211e+01 9.119034217624555083e+01
4.490000090770262631e+01 2.623621672146033390e+01
4.500000090972412892e+01 2.724843624141722742e+01
4.510000091174587311e+01 5.440607979080208878e+01
4.520000091376738283e+01 4.797317837587487332e+01
4.530000091578888544e+01 2.878588869217285762e+01
4.540000091781063674e+01 2.204407291006349823e+01
4.550000091983213935e+01 3.269122688390301334e+01
4.560000092185389065e+01 1.875429360938448440e+02
4.570000092387539326e+01 1.479747882016549099e+01
4.580000092589713745e+01 5.657705312901644135e+01
4.590000092791864006e+01 2.429791123433669497e+01
4.600000092994014267e+01 -1.081198982345337754e+03
4.610000093196189397e+01 7.413375203388804380e+01
4.620000093398339658e+01 2.064139590217187603e+01
4.630000093600514788e+01 5.596998415928158721e+01
4.640000093802665049e+01 3.524333332880028280e+01
4.650000094004839468e+01 2.515372110326411814e+01
4.660000094206990440e+01 3.861219931384359683e+01
4.670000094409140701e+01 1.760149271094145007e+01
4.680000094611315831e+01 -1.134674797465003877e+02
4.690000094813465381e+01 1.721527371730118361e+01
4.700000095015640511e+01 6.451195985696567732e+02
4.710000095217790772e+01 2.486048031647386125e+01
4.720000095419965902e+01 4.680304337189583919e+01
4.730000095622116163e+01 7.193652156843816670e+01
4.740000095824266424e+01 2.016442423949249374e+01
4.750000096026441554e+01 3.493618837729644611e+01
4.760000096228591815e+01 8.283290579470588000e+01
4.770000096430766945e+01 2.122256427896493136e+01
4.780000096632917206e+01 9.199128748250049625e+01
4.790000096835091625e+01 2.231457669274746536e+01
4.800000097037241886e+01 5.135646747801452250e+01
4.810000097239392858e+01 3.786475908759622655e+01
4.820000097441567277e+01 1.945642984666254804e+01
4.830000097643717538e+01 -1.024440210147258483e+02
4.840000097845892668e+01 1.810814326266602592e+01
4.850000098048042929e+01 2.983383785987529535e+01
4.860000098250218059e+01 2.515749923409767774e+01
4.870000098452368320e+01 3.597875489978532215e+01
4.880000098654518581e+01 5.297546060285976210e+01
4.890000098856693711e+01 2.035294117320507468e+01
4.900000099058843972e+01 5.539605551495220226e+01
4.910000099261018391e+01 5.593042884606249032e+01
4.920000099463168652e+01 6.729013811560780312e+01
4.930000099665343782e+01 3.908909385392514935e+01
4.940000099867494043e+01 3.142454146270845428e+01
4.950000100069645015e+01 3.368248288692259962e+01
4.960000100271819434e+01 3.364612892244735320e+01
4.970000100473970406e+01 3.233061611833516508e+04
4.980000100676144825e+01 2.298234187355791747e+01
4.990000100878295086e+01 4.269355484202886686e+01
5.000000101080469506e+01 3.344911236866514059e+01
5.010000101282619767e+01 2.828453606959603661e+01
5.020000101484794897e+01 2.994305038188442225e+01
5.030000101686945158e+01 4.137293156380175674e+01
5.040000101889096129e+01 2.315817312356906044e+01
5.050000102091270548e+01 2.950371614890156735e+01
5.060000102293421520e+01 4.151560121322053476e+01
5.070000102495595939e+01 1.071930498514353900e+02
5.080000102697746200e+01 1.824395661155593018e+01
5.090000102899920620e+01 9.384358281258327850e+01
5.100000103102070881e+01 2.744538504765246145e+01
5.110000103304221852e+01 3.406433133741573016e+01
5.120000103506396272e+01 4.230429368592361783e+01
5.130000103708547243e+01 2.045387117612720829e+01
5.140000103910721663e+01 -1.088886834895616857e+02
5.150000104112872634e+01 1.452431920043441593e+01
5.160000104315047054e+01 1.403049790533198689e+02
5.170000104517198025e+01 1.496866223909448479e+01
5.180000104719347576e+01 1.430052869963588762e+02
5.190000104921522706e+01 -6.982066645061460974e+01
5.200000105123672967e+01 1.536308610800634256e+01
5.210000105325848097e+01 -1.658420683314446080e+02
5.220000105527997647e+01 1.338257110626720880e+01
5.230000105730172066e+01 -6.676066924111326273e+01
5.240000105932323038e+01 2.690673999106580538e+01
5.250000106134474009e+01 3.333737102497642724e+01
5.260000106336648429e+01 3.777949124777333623e+01
5.270000106538799400e+01 2.001009508249133972e+01
5.280000106740973820e+01 -4.451635091752248172e+02
5.290000106943124081e+01 3.623813993372322528e+01
5.300000107145298500e+01 1.399517953300940221e+01
5.310000107347449472e+01 -1.178898402640365248e+03
5.320000107549599022e+01 1.603231059994383045e+01
5.330000107751774863e+01 -1.097021169896638639e+03
5.340000107953924413e+01 2.724732529659142699e+01
5.350000108156100254e+01 1.724436893202734211e+01
5.360000108358249804e+01 -5.240304281202779748e+02
5.370000108560425645e+01 1.680910705704279806e+01
5.380000108762575195e+01 1.260780916858789169e+02
5.390000108964725456e+01 5.359718873036333520e+01
5.400000109166900586e+01 2.113123714830564381e+01
5.410000109369050847e+01 -1.922292921504756293e+02
5.420000109571225266e+01 1.994502613691532034e+01
5.430000109773376238e+01 -1.117063855675123136e+02
5.440000109975550657e+01 1.433858367452513605e+01
5.450000110177701629e+01 4.180928285097624553e+01
5.460000110379852600e+01 5.588619969113767638e+01
5.470000110582027020e+01 1.623241725672760438e+01
5.480000110784177281e+01 -1.374802780596057801e+02
5.490000110986351700e+01 1.487045116331447225e+01
5.500000111188501961e+01 7.398253762512268850e+01
5.510000111390677091e+01 5.266808760300425263e+01
5.520000111592826642e+01 3.311047128122999084e+01
5.530000111795002482e+01 3.565735848187863866e+01
5.540000111997152032e+01 2.928770091011877952e+01
5.550000112199303004e+01 3.193055186447407934e+01
5.560000112401477423e+01 8.165677279267147526e+01
5.570000112603628395e+01 1.754562610941311362e+01
5.580000112805802814e+01 -1.070752710623872304e+02
5.590000113007953075e+01 1.303956056169329436e+01
5.600000113210128205e+01 -3.225023489404064492e+01
5.610000113412278466e+01 2.231733258034147127e+01
5.620000113614429438e+01 1.475965446833969530e+01
5.630000113816603857e+01 4.652526651079696194e+02
5.640000114018754829e+01 1.719760064575087455e+01
5.650000114220929248e+01 -6.512723502447855140e+01
5.660000114423078799e+01 1.588383362075132865e+01
5.670000114625254639e+01 5.815497053978489816e+01
5.680000114827404190e+01 1.840588620308143675e+01
5.690000115029555161e+01 5.649777924744076785e+01
5.700000115231729581e+01 2.194674449331416781e+02
5.710000115433879841e+01 3.176456777200822756e+01
5.720000115636054261e+01 1.982959232196364852e+01
5.730000115838205232e+01 -1.192257268578118357e+02
5.740000116040379652e+01 2.583943277578289965e+01
5.750000116242530623e+01 2.245823706828027611e+01
5.760000116444681595e+01 2.233064353186228956e+01
5.770000116646856014e+01 8.907574076962401932e+02
5.780000116849006275e+01 2.437633000553065798e+01
5.790000117051181405e+01 -1.959018319468844993e+02
5.800000117253331666e+01 2.331982031609962291e+01
5.810000117455506086e+01 2.329152455542083899e+01
5.820000117657655636e+01 2.570982712797061609e+01
5.830000117859806608e+01 4.005718835908945152e+01
5.840000118061981027e+01 4.302395118610704827e+01
5.850000118264131999e+01 3.797737926050587731e+01
5.860000118466306418e+01 1.520422154102172208e+01
5.870000118668457390e+01 -2.177947140833414252e+01
5.880000118870631809e+01 1.538677539128125993e+01
5.890000119072782780e+01 1.618056185807178622e+02
5.900000119274933041e+01 1.719433677980844521e+01
5.910000119477107461e+01 -1.549595708380569477e+02
5.920000119679258432e+01 2.613968816445083476e+01
5.930000119881432852e+01 2.299653563716850257e+01
5.940000120083583823e+01 4.338109885912342634e+01
5.950000120285758243e+01 3.320939100999796665e+02
5.960000120487909214e+01 1.376221147170581283e+01
5.970000120690058765e+01 -1.253018949447707655e+02
5.980000120892233184e+01 1.012156402778560604e+01
5.990000121094384156e+01 -6.393597330573425808e+01
6.000000121296558575e+01 6.765719058376467387e+01
6.010000121498708836e+01 -2.667768833864049520e+04
6.020000121700883255e+01 2.566011349229072280e+01
6.030000121903034227e+01 3.222264098220064454e+01
6.040000122105208646e+01 3.040261301885885459e+01
6.050000122307359618e+01 2.031475206571986689e+02
6.060000122509510589e+01 2.142197507242309840e+01
6.070000122711685009e+01 2.933374129526353968e+01
6.080000122913835980e+01 2.746947767417054109e+01
6.090000123116010400e+01 4.824568036635773893e+01
6.100000123318160661e+01 1.239281762702566247e+01
6.110000123520335080e+01 -4.473616784130322088e+01
6.120000123722486052e+01 9.538539853208899189e+00
6.130000123924635602e+01 -4.747389006125392541e+01
6.140000124126811443e+01 2.439249816107374969e+01
6.150000124328960993e+01 -5.861023388166354664e+01
6.160000124531135413e+01 3.567971365181572452e+01
6.170000124733286384e+01 1.781578388425718344e+02
6.180000124935460803e+01 1.954762530318588176e+01
6.190000125137611775e+01 4.409054607813565951e+01
6.200000125339762036e+01 1.626540929628658461e+01
6.210000125541936455e+01 -3.003271533845625072e+02
6.220000125744087427e+01 1.727150787909092955e+01
6.230000125946261846e+01 2.933739900918150312e+01
6.240000126148412818e+01 6.054868464867868738e+01
6.250000126350587237e+01 5.745756233856348416e+01
6.260000126552738209e+01 1.696663657800717999e+02
6.270000126754887759e+01 1.873329064582582149e+01
6.280000126957063600e+01 1.143145782414009659e+02
6.290000127159213150e+01 1.266133199777444140e+01
6.300000127361388280e+01 3.975771238597508983e+01
6.310000127563537831e+01 5.365142469178176299e+01
6.320000127765712961e+01 3.197525207144902737e+01
6.330000127967863222e+01 1.052566249911925951e+02
6.340000128170014193e+01 2.157424942973713655e+01
6.350000128372188613e+01 -3.198872610780328159e+03
6.360000128574339584e+01 3.694408383080648406e+01
6.370000128776514003e+01 2.128620106835132830e+01
6.380000128978664975e+01 5.190082713514748036e+01
6.390000129180839394e+01 3.814911458890777851e+01
6.400000129382989655e+01 1.603774356056381833e+01
6.410000129585139916e+01 2.787316190657984976e+02
6.420000129787315757e+01 2.528916193101440868e+01
6.430000129989464597e+01 3.132771054463102800e+01
6.440000130191640437e+01 3.818834341087666928e+01
6.450000130393790698e+01 6.006979050239465323e+01
6.460000130595965118e+01 1.020492494061465436e+02
6.470000130798115379e+01 1.323389077805678227e+01
6.480000131000289798e+01 -5.267120186587452935e+01
6.490000131202440059e+01 8.134641695705587594e+00
6.500000131404591741e+01 -1.600060152355568448e+02
6.510000131606766161e+01 5.888047628321958626e+01
6.520000131808916422e+01 8.739673485218222027e+01
6.530000132011090841e+01 1.041249883909160019e+02
6.540000132213242523e+01 3.581166165951916724e+01
6.550000132415416942e+01 5.821397636578926438e+01
6.560000132617567203e+01 2.163012481345098692e+01
6.570000132819716043e+01 2.711638729828500516e+01
6.580000133021891884e+01 1.174918215590421333e+01
6.590000133224042145e+01 -5.347492808095613555e+02
6.600000133426217985e+01 3.869703433100651324e+01
6.610000133628366825e+01 1.587524973353600544e+01
6.620000133830542666e+01 7.702845148196877290e+01
6.630000134032692927e+01 8.585722569446912189e+01
6.640000134234843188e+01 -1.536467144618235352e+02
6.650000134437017607e+01 4.180532666065234082e+01
6.660000134639167868e+01 2.285883435183631462e+01
6.670000134841342287e+01 2.976531731422805294e+01
6.680000135043493970e+01 3.944499247377680717e+01
6.690000135245668389e+01 1.354085308246336865e+02
6.700000135447818650e+01 1.031830231520574337e+01
6.710000135649970332e+01 2.956492351254169648e+01
6.720000135852144751e+01 2.464705360908996212e+01
6.730000136054293591e+01 -2.795754469218761074e+01
6.740000136256469432e+01 1.916211234396188345e+01
6.750000136458619693e+01 3.320812137259950703e+01
6.760000136660794112e+01 1.722287929356887304e+01
6.770000136862944373e+01 6.157009469774442550e+03
6.780000137065094634e+01 3.387432910175615319e+01
6.790000137267269054e+01 1.309018333723589400e+01
6.800000137469420736e+01 4.373732012081811149e+01
6.810000137671595155e+01 -3.507434579951772236e+01
6.820000137873745416e+01 1.891118923109009700e+02
6.830000138075919836e+01 3.369793134763990849e+01
6.840000138278071518e+01 1.789324480123455530e+01
6.850000138480221779e+01 -2.945570012214324862e+01
6.860000138682396198e+01 9.020734286793189227e+00
6.870000138884546459e+01 -4.521202642983546838e+01
6.880000139086720878e+01 2.467923509138061888e+01
6.890000139288872560e+01 1.964209924850026923e+01
6.900000139491046980e+01 4.672388066403771489e+01
6.910000139693195820e+01 2.116801461326366507e+01
6.920000139895371660e+01 7.704845953001670011e+01
6.930000140097521921e+01 -1.849898908119321277e+03
6.940000140299672182e+01 2.200062358153505215e+01
6.950000140501846602e+01 1.655862980610017487e+01
6.960000140703996863e+01 1.317069819065906131e+02
6.970000140906171282e+01 1.533464156371545641e+02
6.980000141108322964e+01 1.988824047701767483e+01
6.990000141310497384e+01 1.931899370061456978e+01
7.000000141512647645e+01 2.124942830958394069e+01
7.010000141714799327e+01 -1.173777287555355713e+02
7.020000141916973746e+01 4.741207925735312045e+01
7.030000142119124007e+01 1.882178235588037651e+01
7.040000142321298426e+01 5.000888260610900460e+01
7.050000142523448687e+01 7.610968458029674366e+02
7.060000142725623107e+01 4.439552361590369145e+01
7.070000142927773368e+01 1.947798974356253510e+01
7.080000143129923629e+01 -1.155659659887029989e+02
7.090000143332098048e+01 2.566225236995747494e+01
7.100000143534249730e+01 2.163539958338628111e+01
7.110000143736424150e+01 -7.846696758926566417e+01
7.120000143938574411e+01 2.783578074493855681e+01
7.130000144140748830e+01 1.144918801951295677e+02
7.140000144342900512e+01 1.677645173581190008e+01
7.150000144545050773e+01 3.377921305591367229e+01
7.160000144747225193e+01 1.871894374111186110e+01
7.170000144949375454e+01 7.176608006963519415e+01
7.180000145151549873e+01 1.858607639161198222e+01
7.190000145353701555e+01 5.838693674092431252e+01
7.200000145555875974e+01 2.927706750430093408e+01
7.210000145758026235e+01 1.835734369691735068e+01
7.220000145960176496e+01 -1.536608556345924512e+02
7.230000146162350916e+01 1.394605887266699007e+01
7.240000146364501177e+01 4.621799397765786921e+01
7.250000146566675596e+01 -3.348330287854704324e+01
7.260000146768827278e+01 2.257405901432770889e+01
7.270000146971001698e+01 3.269113597344222910e+01
7.280000147173151959e+01 4.395260593839284979e+01
7.290000147375302220e+01 -9.440888177115074313e+02
7.300000147577476639e+01 1.749808724511205327e+01
7.310000147779628321e+01 1.946504345763072408e+01
7.320000147981802741e+01 6.013475833386120257e+02
7.330000148183953002e+01 7.734944744120934956e+01
7.340000148386127421e+01 1.760312080253167721e+01
7.350000148588277682e+01 -4.928230299181058882e+01
7.360000148790427943e+01 3.362531707273251413e+01
7.370000148992603783e+01 1.448588536760187928e+01
7.380000149194752623e+01 -8.730465507641866907e+01
7.390000149396927043e+01 1.098602701154443295e+01
7.400000149599078725e+01 9.495273500556179158e+01
7.410000149801253144e+01 3.098187393930850675e+01
7.420000150003403405e+01 2.493522206535527630e+01
7.430000150205577825e+01 3.223122890577709398e+01
7.440000150407729507e+01 1.612556073510485533e+01
7.450000150609879768e+01 -2.713242136146309846e+01
7.460000150812054187e+01 2.131332341144245746e+01
7.470000151014204448e+01 2.898443666810889496e+01
7.480000151216378868e+01 4.656193648063432278e+01
7.490000151418530550e+01 5.164847360293697420e+01
7.500000151620704969e+01 -5.445026186043177319e+01
7.510000151822855230e+01 1.103989371611745263e+01
7.520000152025005491e+01 1.059475480686558413e+01
7.530000152227181331e+01 -1.994092949201997840e+02
7.540000152429330171e+01 1.723221043758247006e+01
7.550000152631506012e+01 -1.674642091116569631e+01
7.560000152833656273e+01 1.259047644660973297e+01
7.570000153035830692e+01 6.818055106983044311e+01
7.580000153237980953e+01 1.904049606019945884e+01
7.590000153440131214e+01 -3.466474964996952934e+01
7.600000153642305634e+01 8.382150943132123189e+01
7.610000153844457316e+01 9.714586439708545740e+00
7.620000154046631735e+01 -2.389899890144864969e+01
7.630000154248781996e+01 3.120543588648872202e+01
7.640000154450956416e+01 1.611670775239824138e+01
7.650000154653106677e+01 3.212527602414557748e+01
7.660000154855256937e+01 2.279159645760861252e+01
7.670000155057432778e+01 2.130845644494946711e+01
7.680000155259581618e+01 -1.063085484425718334e+02
7.690000155461757458e+01 1.761611294956330909e+01
7.700000155663907719e+01 2.726051301750431222e+01
7.710000155866083560e+01 -2.846542179422463050e+02
7.720000156068232400e+01 5.234601411095826506e+01
7.730000156270384082e+01 2.045851499398733608e+01
7.740000156472558501e+01 2.134632810080218519e+02
7.750000156674708762e+01 3.704603906535198377e+01
7.760000156876883182e+01 6.168184913312876461e+01
7.770000157079033443e+01 1.400289488967697160e+01
7.780000157281207862e+01 6.739252988552398449e+01
7.790000157483359544e+01 9.049821468793351187e+01
7.800000157685509805e+01 6.389425817466814550e+01
7.810000157887684225e+01 8.185295875817729438e+00
7.820000158089834486e+01 -2.763210907659558870e+02
7.830000158292010326e+01 -1.409143344500705552e+02
7.840000158494159166e+01 -7.773566935451862037e+01
7.850000158696335006e+01 8.970515661678810204e+00
7.860000158898485267e+01 6.026910394305932073e+01
7.870000159100659687e+01 -1.770286435820659321e+01
7.880000159302809948e+01 1.044330158739971637e+01
7.890000159504960209e+01 8.611467592431642970e+01
7.900000159707134628e+01 1.249475839102658092e+01
7.910000159909286310e+01 -1.967889449831864468e+01
7.920000160111460730e+01 1.233837208872770397e+01
7.930000160313610991e+01 3.904198135026543781e+01
7.940000160515785410e+01 3.962656345201393293e+01
7.950000160717937092e+01 1.341447951002644004e+03
7.960000160920087353e+01 5.624581684311814200e+01
7.970000161122261773e+01 1.973194491571484122e+01
7.980000161324412034e+01 1.759383019827930639e+02
7.990000161526586453e+01 -2.087677912015648189e+02
8.000000161728736714e+01 8.938572484549165864e+00
8.010000161930912554e+01 -2.604553795589063725e+02
8.020000162133061394e+01 1.920320748356681406e+01
8.030000162335213076e+01 1.156241385013655218e+02
8.040000162537387496e+01 3.723706526096820113e+01
8.050000162739537757e+01 1.546914754766211075e+01
