0.000000000000000000e+00 8.390722075779292410e+00
1.000000020216089136e-01 -1.159617660105071337e+02
2.000000040432176052e-01 1.925305175959109860e+01
3.000000060648267408e-01 4.119022449448868883e+01
4.000000080864356544e-01 3.697528027394734096e+01
5.000000101080446235e-01 1.843498708098771033e+01
6.000000121296534816e-01 4.970745404642129017e+01
7.000000141512624507e-01 3.025537123976227249e+01
8.000000161728713088e-01 2.721211153073424072e+01
9.000000181944802780e-01 3.135055217746070966e+01
1.000000020216089247e+00 1.940760285688011422e+01
1.100000022237695774e+00 4.834048054297045383e+01
1.200000024259304521e+00 2.439306283988920399e+01
1.300000026280913490e+00 2.989180487293482003e+01
1.400000028302522459e+00 2.957946135509024543e+01
1.500000030324131206e+00 2.561218884130648732e+01
1.600000032345740175e+00 3.463207756214627864e+01
1.700000034367349144e+00 2.615460271752819565e+01
1.800000036388957891e+00 3.604872883461579391e+01
1.900000038410566860e+00 4.351120885627248214e+01
2.000000040432175830e+00 1.977815406707232881e+01
2.100000042453785021e+00 5.328231122834759503e+01
2.200000044475393324e+00 1.948399298457187356e+01
2.300000046497002515e+00 4.797856061781071446e+01
2.400000048518611262e+00 2.433784757796735576e+01
2.500000050540210683e+00 2.845684185647149178e+01
2.600000052561836750e+00 3.910256395322387846e+01
2.700000054583438391e+00 3.325626618379838106e+01
2.800000056605039589e+00 3.137164647616311797e+01
2.900000058626665655e+00 2.316945394686962700e+01
3.000000060648267297e+00 3.058508991615388695e+01
3.100000062669868939e+00 3.035336264921959071e+01
3.200000064691495005e+00 2.487352443086579967e+01
3.300000066713096647e+00 2.823921431994153508e+01
3.400000068734698289e+00 3.989317742162072733e+01
3.500000070756299486e+00 3.009872865032203748e+01
3.600000072777925997e+00 4.144935104948034166e+01
3.700000074799527194e+00 2.376673782950847524e+01
3.800000076821128836e+00 3.162659690976433069e+01
3.900000078842754458e+00 3.202098024223807471e+01
4.000000080864356988e+00 2.400867774580536107e+01
4.100000082885958186e+00 4.356830410610209725e+01
4.200000084907560272e+00 2.245354638457369489e+01
4.300000086929185450e+00 4.880675568828365840e+01
4.400000088950786648e+00 2.157139215393211629e+01
4.500000090972389621e+00 5.926889305225945037e+01
4.600000092994014800e+00 2.622003127747813878e+01
4.700000095015615997e+00 4.233725842771193726e+01
4.800000097037218083e+00 2.988270987122190547e+01
4.900000099058819281e+00 1.998741375026370193e+01
5.000000101080445347e+00 6.222693125860376995e+01
5.100000103102047433e+00 2.137091798800229725e+01
5.200000105123648630e+00 3.143889990598339423e+01
5.300000107145274697e+00 2.728417209807570742e+01
5.400000109166876783e+00 3.320921045957388884e+01
5.500000111188477980e+00 3.157681612257268355e+01
5.600000113210079178e+00 3.575664269400530060e+01
5.700000115231706133e+00 3.458962792130713382e+01
5.800000117253307330e+00 2.426430611605285037e+01
5.900000119274908528e+00 3.949368559978819349e+01
6.000000121296534594e+00 2.965093024443649838e+01
6.100000123318135792e+00 2.820432878590197490e+01
6.200000125339737878e+00 4.399458380764513521e+01
6.300000127361339963e+00 2.179773611159374269e+01
6.400000129382966030e+00 3.946011501021090595e+01
6.500000131404567227e+00 2.867304699122682266e+01
6.600000133426169313e+00 2.827968131268278285e+01
6.700000135447793603e+00 3.818990349429009257e+01
6.800000137469396577e+00 1.975299628001240393e+01
6.900000139490998663e+00 4.853760913461621840e+01
7.000000141512622953e+00 2.866923193937677183e+01
7.100000143534225927e+00 4.399812316656034028e+01
7.200000145555826236e+00 2.797565987107892127e+01
7.300000147577452303e+00 2.761162657011455934e+01
7.400000149599054389e+00 3.896359729058555388e+01
7.500000151620655586e+00 2.427044880252368486e+01
7.600000153642281653e+00 3.907689566332642528e+01
7.700000155663883739e+00 3.258538972354143937e+01
7.800000157685484936e+00 2.252332554997732927e+01
7.900000159707087022e+00 5.375806694500207072e+01
8.000000161728713977e+00 2.565798211739808110e+01
8.100000163750314286e+00 5.730287220813367099e+01
8.200000165771916372e+00 1.989149019165925836e+01
8.300000167793541550e+00 2.818313833673462909e+01
8.400000169815143636e+00 2.709775822625032760e+01
8.500000171836745722e+00 6.892857206418358373e+01
8.600000173858370900e+00 2.876012522705340757e+01
8.700000175879972986e+00 2.265472067856630289e+01
8.800000177901573295e+00 2.289466426480529648e+01
8.900000179923200250e+00 1.055020308270347016e+02
9.000000181944802335e+00 2.825704232122896187e+01
9.100000183966402645e+00 3.307567422765001908e+01
9.200000185988029600e+00 2.375996689360007963e+01
9.300000188009631685e+00 5.157238528354428553e+01
9.400000190031231995e+00 2.824426809719973264e+01
9.500000192052858949e+00 2.381223644600310507e+01
9.600000194074459259e+00 4.379020104414721715e+01
9.700000196096061345e+00 2.210127372739829354e+01
9.800000198117663430e+00 3.550146914552471600e+01
9.900000200139288609e+00 3.402404101922532220e+01
1.000000020216089069e+01 2.303549911229954361e+01
1.010000020418249278e+01 7.674261337258214155e+01
1.020000020620411796e+01 2.129239952905418676e+01
1.030000020822572004e+01 4.777587833231604009e+01
1.040000021024732213e+01 2.002782085200906792e+01
1.050000021226894731e+01 6.289825099392864161e+01
1.060000021429054939e+01 2.848274960910192632e+01
1.070000021631215148e+01 3.372753083459998891e+01
1.080000021833377666e+01 3.416283078823979480e+01
1.090000022035537874e+01 2.221862998720360594e+01
1.100000022237698083e+01 6.353230316691044521e+01
1.110000022439860601e+01 2.060279156960473657e+01
1.120000022642020632e+01 2.865558055326384235e+01
1.130000022844181018e+01 4.408331365130992197e+01
1.140000023046343536e+01 2.219274949333803093e+01
1.150000023248503567e+01 2.719352658857928873e+01
1.160000023450663775e+01 3.803880631912414856e+01
1.170000023652823984e+01 2.829308687888710949e+01
1.180000023854986502e+01 5.143523158160844133e+01
1.190000024057146710e+01 2.303107664928951692e+01
1.200000024259306919e+01 3.690352408048175903e+01
1.210000024461469437e+01 3.234654948640054073e+01
1.220000024663629645e+01 3.197989618062957007e+01
1.230000024865789854e+01 3.167806904637319576e+01
1.240000025067952372e+01 2.170132730240038299e+01
1.250000025270112580e+01 4.551574146134424126e+01
1.260000025472272789e+01 2.781338348225643742e+01
1.270000025674435307e+01 3.881455865121397864e+01
1.280000025876595515e+01 2.249213689628093249e+01
1.290000026078755546e+01 3.477875157641424408e+01
1.300000026280918242e+01 2.992227906608437493e+01
1.310000026483078450e+01 2.789912730369809424e+01
1.320000026685238659e+01 4.182209387310388848e+01
1.330000026887401177e+01 3.131095968985234634e+01
1.340000027089561385e+01 3.125026759034982859e+01
1.350000027291721416e+01 2.667207752038019208e+01
1.360000027493883934e+01 2.205131609210196331e+01
1.370000027696044320e+01 4.741907421032123437e+01
1.380000027898204529e+01 2.819237688155964250e+01
1.390000028100364560e+01 4.477569946629512287e+01
1.400000028302527255e+01 2.735588459906051284e+01
1.410000028504687286e+01 2.823817708326135190e+01
1.420000028706847672e+01 3.589562370456551577e+01
1.430000028909010013e+01 2.793590077748076084e+01
1.440000029111170399e+01 3.395701524238079827e+01
1.450000029313330430e+01 2.243747783037198218e+01
1.460000029515493125e+01 2.900365790566714708e+01
1.470000029717653156e+01 6.383381322980114447e+01
1.480000029919813187e+01 2.182440977156629458e+01
1.490000030121975882e+01 3.309972789561689410e+01
1.500000030324136269e+01 2.896676624299755431e+01
1.510000030526296300e+01 2.552639893459084064e+01
1.520000030728458995e+01 4.643635531164114383e+01
1.530000030930619026e+01 3.415888877714312599e+01
1.540000031132779057e+01 3.791558893039928080e+01
1.550000031334941752e+01 2.262469171787813949e+01
1.560000031537101783e+01 3.787112055498900531e+01
1.570000031739262170e+01 2.348530695313236905e+01
1.580000031941422201e+01 5.967080223998355848e+01
1.590000032143584896e+01 2.091053178641375965e+01
1.600000032345744927e+01 3.221963979449319737e+01
1.610000032547905136e+01 3.253490134840281200e+01
1.620000032750067831e+01 3.904349527844627943e+01
1.630000032952228040e+01 2.269422183727306219e+01
1.640000033154388248e+01 4.991211972450835077e+01
1.650000033356550588e+01 1.929385310931536068e+01
1.660000033558710797e+01 3.933143468856687264e+01
1.670000033760871005e+01 3.597298602870634454e+01
1.680000033963033346e+01 4.798678258938444685e+01
1.690000034165193554e+01 2.904844713588193628e+01
1.700000034367354118e+01 2.890593956033601231e+01
1.710000034569516458e+01 2.936556208305186999e+01
1.720000034771676667e+01 3.999915904538371336e+01
1.730000034973836875e+01 1.969670968384783194e+01
1.740000035175999216e+01 3.873570043687552555e+01
1.750000035378159424e+01 2.016359344586212998e+01
1.760000035580319988e+01 9.951504143138494385e+01
1.770000035782479841e+01 2.452627183169539293e+01
1.780000035984642537e+01 3.892026000151106047e+01
1.790000036186802745e+01 2.187337888435720501e+01
1.800000036388962599e+01 3.631276362179480088e+01
1.810000036591125294e+01 3.960100885134532689e+01
1.820000036793285503e+01 3.708804404282912515e+01
1.830000036995445711e+01 3.035951407171549121e+01
1.840000037197608407e+01 3.193263263942530727e+01
1.850000037399768615e+01 2.414427570560941660e+01
1.860000037601928469e+01 3.886751666450811626e+01
1.870000037804091164e+01 2.063386320644442407e+01
1.880000038006251373e+01 6.547234651991769283e+01
1.890000038208411581e+01 2.550996927397645919e+01
1.900000038410574277e+01 3.781743031119518861e+01
1.910000038612734485e+01 3.547407753598515256e+01
1.920000038814894339e+01 2.336842558001969650e+01
1.930000039017057034e+01 3.566010898024677545e+01
1.940000039219217243e+01 2.440061465101935312e+01
1.950000039421377451e+01 2.675879635135883206e+01
1.960000039623537660e+01 3.965781341338233545e+01
1.970000039825700355e+01 1.976997062825538620e+01
1.980000040027860209e+01 9.464739208919019120e+01
1.990000040230020417e+01 2.031740299746381595e+01
2.000000040432183113e+01 6.027040299483474683e+01
2.010000040634342966e+01 3.006066383435842937e+01
2.020000040836503530e+01 2.684094872385606223e+01
2.030000041038666225e+01 3.146288885646468003e+01
2.040000041240826079e+01 3.444594384583320590e+01
2.050000041442986287e+01 3.014867771216613690e+01
2.060000041645148983e+01 2.646585147686800710e+01
2.070000041847308836e+01 3.205739712829377908e+01
2.080000042049469400e+01 3.297606443723287839e+01
2.090000042251631740e+01 3.746040220657059194e+01
2.100000042453791949e+01 3.027009673838495374e+01
2.110000042655952157e+01 2.785856357587168475e+01
2.120000042858114853e+01 2.135955533918160043e+01
2.130000043060274706e+01 5.246034096667222713e+01
2.140000043262434914e+01 2.294088640136982349e+01
2.150000043464595123e+01 3.886095871766464427e+01
2.160000043666757819e+01 3.458752793647538937e+01
2.170000043868918027e+01 2.536198036352822527e+01
2.180000044071078236e+01 3.036078955408611790e+01
2.190000044273240576e+01 3.053872019356857237e+01
2.200000044475400784e+01 4.878009536715842387e+01
2.210000044677560993e+01 2.625833862759089499e+01
2.220000044879723333e+01 2.137850586349831516e+01
2.230000045081883897e+01 2.991022916022243905e+01
2.240000045284044106e+01 2.393408984589974509e+01
2.250000045486206446e+01 6.583147116973270840e+01
2.260000045688366654e+01 1.716425163943174681e+01
2.270000045890526863e+01 8.196701399618480366e+01
2.280000046092689203e+01 3.049746165526599029e+01
2.290000046294849767e+01 6.424542280379532144e+01
2.300000046497009976e+01 5.692356432024563162e+01
2.310000046699172316e+01 1.910594417784196608e+01
2.320000046901332524e+01 2.960538004851663274e+01
2.330000047103492733e+01 3.785551645757449535e+01
2.340000047305655073e+01 2.845270964566169170e+01
2.350000047507815637e+01 2.358524439348042634e+01
2.360000047709975846e+01 2.711711765594852608e+01
2.370000047912135699e+01 2.832849729239455527e+01
2.380000048114298394e+01 2.972975918303114540e+01
2.390000048316458603e+01 3.395894597498283929e+01
2.400000048518618811e+01 6.024959050075336364e+01
2.410000048720781152e+01 2.955935379206333380e+01
2.420000048922934255e+01 2.758240960639198747e+01
2.430000049125109030e+01 2.412819194272602985e+01
2.440000049327259291e+01 3.360693186806084043e+01
2.450000049529434065e+01 2.616293842817716353e+01
2.460000049731584326e+01 2.493182717367185575e+01
2.470000049933734942e+01 3.937416277515599461e+01
2.480000050135909717e+01 3.137682179362698776e+01
2.490000050338060333e+01 4.310075113117640910e+01
2.500000050540234753e+01 4.508581862130098727e+01
2.510000050742385369e+01 2.160311066151048109e+01
2.520000050944560144e+01 4.757263203104660931e+01
2.530000051146710760e+01 1.861088549578786910e+01
2.540000051348861021e+01 3.718270604940078528e+01
2.550000051551035440e+01 2.560322174612006307e+01
2.560000051753186412e+01 2.912544436985066554e+01
2.570000051955360831e+01 3.426590709400551304e+01
2.580000052157511092e+01 5.487721184989865719e+01
2.590000052359686222e+01 2.894434715080883791e+01
2.600000052561836483e+01 2.874462377356473652e+01
2.610000052763987100e+01 2.539994375150989114e+01
2.620000052966161519e+01 7.413624689707503990e+01
2.630000053168312490e+01 2.125829359156528398e+01
2.640000053370486910e+01 5.976775934772571475e+01
2.650000053572637526e+01 2.009703067324511139e+01
2.660000053774811946e+01 4.506412007627015726e+01
2.670000053976962207e+01 2.760586449375731632e+01
2.680000054179137337e+01 2.731755704734068146e+01
2.690000054381287597e+01 9.000205366961337461e+01
2.700000054583438214e+01 1.951679742460797584e+01
2.710000054785612633e+01 3.342106867503154888e+01
2.720000054987763605e+01 4.463455586020906907e+01
2.730000055189938024e+01 1.531580834542070235e+01
2.740000055392088640e+01 8.110961128695450384e+01
2.750000055594263060e+01 1.448214449835814399e+01
2.760000055796413321e+01 -4.494962390818832176e+01
2.770000055998564292e+01 1.590170320488924638e+01
2.780000056200738712e+01 6.993613629951187249e+01
2.790000056402889328e+01 2.751842703729723283e+01
2.800000056605064103e+01 2.530921453629752449e+01
2.810000056807214719e+01 8.158491927699981261e+01
2.820000057009389138e+01 1.797241913815509307e+01
2.830000057211539399e+01 4.268394734007728886e+01
2.840000057413690371e+01 2.141286725661561974e+01
2.850000057615864790e+01 3.912004295821392219e+01
2.860000057818015406e+01 2.515160218496123079e+01
2.870000058020189826e+01 4.528136443780213938e+01
2.880000058222340797e+01 5.050920658923406847e+01
2.890000058424515217e+01 2.990361192809277924e+01
2.900000058626665833e+01 3.129980254989552790e+01
2.910000058828816094e+01 4.772944409847336544e+01
2.920000059030990514e+01 2.312567456236436669e+01
2.930000059233141485e+01 2.321799005041701136e+01
2.940000059435315904e+01 3.401843350416592671e+01
2.950000059637466521e+01 3.108243112249832407e+01
2.960000059839640940e+01 2.764406771121620210e+01
2.970000060041791912e+01 5.204678231466597538e+01
2.980000060243942173e+01 2.357053905549988215e+01
2.990000060446116592e+01 2.909215338265082451e+01
3.000000060648267208e+01 2.403215106495402864e+01
3.010000060850441628e+01 5.156757570761656240e+01
3.020000061052592599e+01 2.883655968314380758e+01
3.030000061254767019e+01 2.540633024502750104e+01
3.040000061456917990e+01 3.044472933405938164e+01
3.050000061659067896e+01 2.438409209787011633e+01
3.060000061861243026e+01 9.162819202317157874e+01
3.070000062063393287e+01 2.333872066962659986e+01
3.080000062265567706e+01 2.778555344257538096e+01
3.090000062467718678e+01 3.828317894801990207e+01
3.100000062669893097e+01 4.188476915590012339e+01
3.110000062872043713e+01 4.394952673516448272e+01
3.120000063074218133e+01 1.973094572936395608e+01
3.130000063276369104e+01 4.051354781864658605e+01
3.140000063478519365e+01 2.541947030523354201e+01
3.150000063680694140e+01 2.530220319421469100e+01
3.160000063882844401e+01 3.187674212010037778e+01
3.170000064085018820e+01 2.491474785073855713e+01
3.180000064287169792e+01 9.125560174115889822e+01
3.190000064489344211e+01 1.959293379527116485e+01
3.200000064691494828e+01 3.847488200215963161e+01
3.210000064893645089e+01 2.424127175742296103e+01
3.220000065095820219e+01 1.076133281921046319e+02
3.230000065297970480e+01 1.687762492439559026e+01
3.240000065500144899e+01 1.119053913133938636e+02
3.250000065702295871e+01 2.166282862256328201e+01
3.260000065904470290e+01 3.477826611887461894e+01
3.270000066106621261e+01 3.904317112246706500e+01
3.280000066308770812e+01 1.747072724111561826e+01
3.290000066510945942e+01 7.633718494276138244e+01
3.300000066713096203e+01 2.517599443485898547e+01
3.310000066915271333e+01 2.914491577610696993e+01
3.320000067117421594e+01 4.189625693995788680e+01
3.330000067319596013e+01 1.867774890250349173e+01
3.340000067521746985e+01 6.551830954387459087e+02
3.350000067723897246e+01 1.487535252264381747e+01
3.360000067926072376e+01 1.029029928868910559e+02
3.370000068128222637e+01 2.423466948122031184e+01
3.380000068330397056e+01 4.591283506863139507e+01
3.390000068532547317e+01 2.455102917368019533e+01
3.400000068734722447e+01 2.456341757345871457e+01
3.410000068936872708e+01 3.715046964026957710e+01
3.420000069139022969e+01 6.721198590826335817e+01
3.430000069341198099e+01 1.602209710889815852e+01
3.440000069543348360e+01 -1.876923990917231038e+02
3.450000069745523490e+01 1.192114039330132869e+01
3.460000069947673751e+01 -1.366021795222782487e+02
3.470000070149848881e+01 1.555578887349241057e+01
3.480000070351998431e+01 2.919284799413825482e+01
3.490000070554149403e+01 -1.540512519787335350e+03
3.500000070756323822e+01 2.219228751703983704e+01
3.510000070958474083e+01 3.245441444381192753e+01
3.520000071160649213e+01 1.992636239445194946e+01
3.530000071362799474e+01 6.162308123820322692e+01
3.540000071564974604e+01 3.721464600262450517e+01
3.550000071767124865e+01 2.662571891573823279e+01
3.560000071969275837e+01 2.487313668948846868e+01
3.570000072171450256e+01 2.851420607852151790e+01
3.580000072373600517e+01 4.185553350216829216e+01
3.590000072575774936e+01 3.076282385168483913e+01
3.600000072777925197e+01 2.183561258257552495e+01
3.610000072980100327e+01 3.756507278801925054e+01
3.620000073182250588e+01 1.470933727207242043e+02
3.630000073384425718e+01 1.580514732090798447e+01
3.640000073586575979e+01 1.163607476516497172e+02
3.650000073788726951e+01 1.353352472882947488e+01
3.660000073990901370e+01 -2.869682595281219619e+02
3.670000074193051631e+01 2.031012791574281806e+01
3.680000074395226051e+01 2.981000924705337596e+01
3.690000074597376312e+01 9.129551054041516522e+01
3.700000074799551442e+01 2.319915208164585252e+01
3.710000075001701703e+01 7.607901529393146234e+01
3.720000075203852674e+01 1.387998829760119968e+01
3.730000075406027094e+01 4.989482057798468873e+02
3.740000075608177355e+01 2.787462588306813771e+01
3.750000075810352484e+01 2.971588297483225460e+01
3.760000076012502745e+01 2.414333362344807909e+01
3.770000076214677875e+01 1.676943543556305372e+01
3.780000076416828136e+01 -1.108865857752702482e+02
3.790000076618978397e+01 1.275021501119864276e+01
3.800000076821152817e+01 3.819952273596756243e+01
3.810000077023303788e+01 6.694381617267896445e+01
3.820000077225478208e+01 2.355634885950783897e+01
3.830000077427628469e+01 1.883349275604628588e+02
3.840000077629803599e+01 2.597893407232950125e+01
3.850000077831953860e+01 4.167383305543093286e+01
3.860000078034104831e+01 3.841739851364211944e+01
3.870000078236279251e+01 1.763111326545164559e+01
3.880000078438429512e+01 5.392542440230000977e+01
3.890000078640603931e+01 1.700538788348218233e+01
3.900000078842754903e+01 -1.186202263534437589e+04
3.910000079044929322e+01 1.722508871230175842e+01
3.920000079247079583e+01 7.174521096297370093e+01
3.930000079449230554e+01 5.286054308387898715e+01
3.940000079651404974e+01 1.524915126670755861e+01
3.950000079853555945e+01 8.492356949787435383e+01
3.960000080055730365e+01 2.298390856281393724e+01
3.970000080257881336e+01 2.577236271487171493e+01
3.980000080460055756e+01 1.157814844135753276e+02
3.990000080662206017e+01 1.601132296122415610e+01
4.000000080864356278e+01 3.199005584480618154e+02
4.010000081066530697e+01 2.252474152781642047e+01
4.020000081268681669e+01 2.500043670815077590e+01
4.030000081470856088e+01 5.374342270618812023e+01
4.040000081673007060e+01 2.696589918442557021e+01
4.050000081875181479e+01 3.706348347678851951e+01
4.060000082077332451e+01 4.238757290138205747e+01
4.070000082279506870e+01 1.376774947443187713e+01
4.080000082481657131e+01 2.956351802041261294e+02
4.090000082683807392e+01 1.331700419597626528e+01
4.100000082885981811e+01 -7.001942694812944978e+01
4.110000083088132783e+01 1.598004515673812875e+01
4.120000083290307202e+01 -6.273035837011048699e+01
4.130000083492458174e+01 1.712339232716900383e+01
4.140000083694632593e+01 3.574047954570075802e+01
4.150000083896783565e+01 2.934466806911907355e+01
4.160000084098933826e+01 5.428802337763108454e+01
4.170000084301108245e+01 1.915048226471280657e+01
4.180000084503258506e+01 4.098099889686713482e+01
4.190000084705433636e+01 1.788223043897219711e+01
4.200000084907583897e+01 1.806358437001599384e+02
4.210000085109758317e+01 1.770177808729391700e+01
4.220000085311909288e+01 2.514403356131263365e+02
4.230000085514059549e+01 1.529303320653478870e+01
4.240000085716233968e+01 -1.165882083935685074e+02
4.250000085918384940e+01 2.145800734351927730e+01
4.260000086120559359e+01 2.190879261379628673e+01
4.270000086322710331e+01 1.807942200926068921e+01
4.280000086524884750e+01 1.069185476711779899e+02
4.290000086727035011e+01 1.740985122259542095e+01
4.300000086929185272e+01 1.120974468838368381e+02
4.310000087131360402e+01 2.203195406421534130e+01
4.320000087333510663e+01 -5.367711823671496632e+02
4.330000087535685083e+01 2.858263806273847862e+01
4.340000087737836054e+01 2.529060226426040714e+01
4.350000087940010474e+01 3.318955680737644798e+01
4.360000088142161445e+01 3.392302702455518926e+01
4.370000088344311706e+01 1.857739764757823053e+01
4.380000088546486126e+01 2.865143095610287105e+01
4.390000088748636387e+01 4.577702211895130091e+01
4.400000088950810806e+01 2.153360253164465021e+01
4.410000089152961777e+01 2.962553094971945598e+02
4.420000089355136197e+01 2.163797854162308099e+01
4.430000089557287168e+01 2.789521787739434089e+01
4.440000089759437429e+01 1.262701194570593941e+02
4.450000089961612559e+01 1.176843804725792886e+01
4.460000090163762820e+01 -6.214060179047822885e+01
4.470000090365937950e+01 1.618367875503191300e+01
4.480000090568088211e+01 8.713711226666178788e+01
4.490000090770262631e+01 2.275829083567820632e+01
4.500000090972412892e+01 2.366518032152822570e+01
4.510000091174587311e+01 4.919420001284242971e+01
4.520000091376738283e+01 4.297006055071954478e+01
4.530000091578888544e+01 2.505490647674305649e+01
4.540000091781063674e+01 1.899064021115144030e+01
4.550000091983213935e+01 2.860928265294311501e+01
4.560000092185389065e+01 2.150149410705453477e+02
4.570000092387539326e+01 1.260218534669879986e+01
4.580000092589713745e+01 5.140995761212258230e+01
4.590000092791864006e+01 2.098189069265760054e+01
4.600000092994014267e+01 -3.430910911610110929e+02
4.610000093196189397e+01 6.944940277522574945e+01
4.620000093398339658e+01 1.772380899233706231e+01
4.630000093600514788e+01 5.088784643159523569e+01
4.640000093802665049e+01 3.097156647106621108e+01
4.650000094004839468e+01 2.174311380019941353e+01
4.660000094206990440e+01 3.411770635557177656e+01
4.670000094409140701e+01 1.502101251797241765e+01
4.680000094611315831e+01 -7.976504394735833614e+01
4.690000094813465381e+01 1.467838431726774218e+01
4.700000095015640511e+01 -1.459923650771667599e+04
4.710000095217790772e+01 2.146348764341278326e+01
4.720000095419965902e+01 4.196317899843652555e+01
4.730000095622116163e+01 6.752318886067808990e+01
4.740000095824266424e+01 1.726523616702187169e+01
4.750000096026441554e+01 3.068088483982154457e+01
4.760000096228591815e+01 7.950272020112424798e+01
4.770000096430766945e+01 1.819425914307314684e+01
4.780000096632917206e+01 9.002512314479747602e+01
4.790000096835091625e+01 1.916134272506300107e+01
4.800000097037241886e+01 4.649472147174513026e+01
4.810000097239392858e+01 3.343704700652040884e+01
4.820000097441567277e+01 1.661159424631611259e+01
4.830000097643717538e+01 -7.168467205256857255e+01
4.840000097845892668e+01 1.542082519899726378e+01
4.850000098048042929e+01 2.594966390366010955e+01
4.860000098250218059e+01 2.168746940498723674e+01
4.870000098452368320e+01 3.165218635146025505e+01
4.880000098654518581e+01 4.818602976092665102e+01
4.890000098856693711e+01 1.737938010201519035e+01
4.900000099058843972e+01 5.065246634569595585e+01
4.910000099261018391e+01 5.121581439068353347e+01
4.920000099463168652e+01 6.311340694716620447e+01
4.930000099665343782e+01 3.461767818927570062e+01
4.940000099867494043e+01 2.740972090829930607e+01
4.950000100069645015e+01 2.950946735223439532e+01
4.960000100271819434e+01 2.947453460571427897e+01
4.970000100473970406e+01 -4.412241227962261405e+02
4.980000100676144825e+01 1.971193162189789660e+01
4.990000100878295086e+01 3.811167358138753514e+01
5.000000101080469506e+01 2.929610729869505903e+01
5.010000101282619767e+01 2.450925532077989999e+01
5.020000101484794897e+01 2.603072818335058258e+01
5.030000101686945158e+01 3.683933548132237235e+01
5.040000101889096129e+01 1.984686624325913940e+01
5.050000102091270548e+01 2.561428534162247317e+01
5.060000102293421520e+01 3.697904058745192657e+01
5.070000102495595939e+01 1.114500301004117659e+02
5.080000102697746200e+01 1.546589888840670746e+01
5.090000102899920620e+01 9.452374357868579580e+01
5.100000103102070881e+01 2.371755444265286528e+01
5.110000103304221852e+01 2.986016579903273893e+01
5.120000103506396272e+01 3.777046785902850701e+01
5.130000103708547243e+01 1.740184967912056635e+01
5.140000103910721663e+01 -7.237910097424983746e+01
5.150000104112872634e+01 1.219716386244835782e+01
5.160000104315047054e+01 1.617518213797694671e+02
5.170000104517198025e+01 1.257205668429702961e+01
5.180000104719347576e+01 1.668391716675846794e+02
5.190000104921522706e+01 -4.944501109844092213e+01
5.200000105123672967e+01 1.291241445535005106e+01
5.210000105325848097e+01 -9.940781808165543509e+01
5.220000105527997647e+01 1.119176264685902389e+01
5.230000105730172066e+01 -4.734769130306133889e+01
5.240000105932323038e+01 2.320047221772821899e+01
5.250000106134474009e+01 2.917571824093695554e+01
5.260000106336648429e+01 3.341449589151772415e+01
5.270000106538799400e+01 1.696988598348270116e+01
5.280000106740973820e+01 -1.815348518036456085e+02
5.290000106943124081e+01 3.194012904680060316e+01
5.300000107145298500e+01 1.169751256949013829e+01
5.310000107347449472e+01 -2.610402100454809897e+02
5.320000107549599022e+01 1.345526451659182321e+01
5.330000107751774863e+01 -2.538309044783847241e+02
5.340000107953924413e+01 2.348502738477453278e+01
5.350000108156100254e+01 1.450180686619742865e+01
5.360000108358249804e+01 -1.915509291194420882e+02
5.370000108560425645e+01 1.411513280329350195e+01
5.380000108762575195e+01 1.439613188328378044e+02
5.390000108964725456e+01 4.941640802753366302e+01
5.400000109166900586e+01 1.792451111971957189e+01
5.410000109369050847e+01 -1.066464798445124273e+02
5.420000109571225266e+01 1.686730005561973655e+01
5.430000109773376238e+01 -7.113768376617960598e+01
5.440000109975550657e+01 1.195535327930335789e+01
5.450000110177701629e+01 3.739005450975177780e+01
5.460000110379852600e+01 5.194564945326193595e+01
5.470000110582027020e+01 1.358302582342770570e+01
5.480000110784177281e+01 -8.281229723960025524e+01
5.490000110986351700e+01 1.239496045035614635e+01
5.500000111188501961e+01 7.256333972871604487e+01
5.510000111390677091e+01 4.857129637630563224e+01
5.520000111592826642e+01 2.893558865494990329e+01
5.530000111795002482e+01 3.137645221159617037e+01
5.540000111997152032e+01 2.532941179252188491e+01
5.550000112199303004e+01 2.780984819880080394e+01
5.560000112401477423e+01 8.230435210683353375e+01
5.570000112603628395e+01 1.469977322067809311e+01
5.580000112805802814e+01 -6.742019452065935070e+01
5.590000113007953075e+01 1.079045512583696897e+01
5.600000113210128205e+01 -2.383224167703935237e+01
5.610000113412278466e+01 1.893447484991458651e+01
5.620000113614429438e+01 1.226061182580102304e+01
5.630000113816603857e+01 -1.819324922257893149e+03
5.640000114018754829e+01 1.437127460438414772e+01
5.650000114220929248e+01 -4.443420892632785524e+01
5.660000114423078799e+01 1.322350430681152211e+01
5.670000114625254639e+01 5.474340273671042212e+01
5.680000114827404190e+01 1.541746130063084763e+01
5.690000115029555161e+01 5.293560731621634829e+01
5.700000115231729581e+01 4.200046608452817622e+02
5.710000115433879841e+01 2.763842648368495603e+01
5.720000115636054261e+01 1.666662768789142390e+01
5.730000115838205232e+01 -7.182894038950553295e+01
5.740000116040379652e+01 2.209742912535766379e+01
5.750000116242530623e+01 1.901188884384020739e+01
5.760000116444681595e+01 1.888816400280844121e+01
5.770000116646856014e+01 -4.930620970008727681e+02
5.780000116849006275e+01 2.074138985456181672e+01
5.790000117051181405e+01 -1.010915059088532928e+02
5.800000117253331666e+01 1.978315876032178622e+01
5.810000117455506086e+01 1.974931476414006326e+01
5.820000117657655636e+01 2.194965504383365840e+01
5.830000117859806608e+01 3.573707268871952891e+01
5.840000118061981027e+01 3.875199209956127078e+01
5.850000118264131999e+01 3.366780640729385965e+01
5.860000118466306418e+01 1.256884011784866750e+01
5.870000118668457390e+01 -1.622991912636755529e+01
5.880000118870631809e+01 1.273120098437194336e+01
5.890000119072782780e+01 2.375273573109504071e+02
5.900000119274933041e+01 1.429429006072786734e+01
5.910000119477107461e+01 -8.473799898314821633e+01
5.920000119679258432e+01 2.233381617808964492e+01
5.930000119881432852e+01 1.945048600472836142e+01
5.940000120083583823e+01 3.916703328635716019e+01
5.950000120285758243e+01 7.726713932830310114e+03
5.960000120487909214e+01 1.130830521584116610e+01
5.970000120690058765e+01 -7.222495074953901906e+01
5.980000120892233184e+01 8.216843901279480278e+00
5.990000121094384156e+01 -4.230497940884005459e+01
6.000000121296558575e+01 6.662825537347009686e+01
6.010000121498708836e+01 -2.620165130308992616e+02
6.020000121700883255e+01 2.187288229060846234e+01
6.030000121903034227e+01 2.805611126332772898e+01
6.040000122105208646e+01 2.631013129179661192e+01
6.050000122307359618e+01 4.102555098106992091e+02
6.060000122509510589e+01 1.800359685110746000e+01
6.070000122711685009e+01 2.529100260487012619e+01
6.080000122913835980e+01 2.353279821007225792e+01
6.090000123116010400e+01 4.439951669141048995e+01
6.100000123318160661e+01 1.010038596373538944e+01
6.110000123520335080e+01 -3.081666521042572526e+01
6.120000123722486052e+01 7.696886310552593535e+00
6.130000123924635602e+01 -3.237508054489072862e+01
6.140000124126811443e+01 2.065755230405815368e+01
6.150000124328960993e+01 -3.878916359926479629e+01
6.160000124531135413e+01 3.142957572845502412e+01
6.170000124733286384e+01 3.146354429051775696e+02
6.180000124935460803e+01 1.629472934168002496e+01
6.190000125137611775e+01 4.003588826412585178e+01
6.200000125339762036e+01 1.339916080074152127e+01
6.210000125541936455e+01 -1.201326510959035403e+02
6.220000125744087427e+01 1.427008128313498325e+01
6.230000125946261846e+01 2.525600951842006126e+01
6.240000126148412818e+01 5.859811947007519706e+01
6.250000126350587237e+01 5.495175096951319205e+01
6.260000126552738209e+01 2.913933146158344130e+02
6.270000126754887759e+01 1.554381880508602265e+01
6.280000126957063600e+01 1.414396466831495616e+02
6.290000127159213150e+01 1.028117977316561138e+01
6.300000127361388280e+01 3.554384893831452530e+01
6.310000127563537831e+01 5.062469336922566043e+01
6.320000127765712961e+01 2.777621687709900655e+01
6.330000127967863222e+01 1.252542390575508335e+02
6.340000128170014193e+01 1.804870755453850961e+01
6.350000128372188613e+01 -2.142147810467372722e+02
6.360000128574339584e+01 3.270716383781129366e+01
6.370000128776514003e+01 1.778529613220800698e+01
6.380000128978664975e+01 4.872128300639656828e+01
6.390000129180839394e+01 3.392948827306373261e+01
6.400000129382989655e+01 1.313924548729245245e+01
6.410000129585139916e+01 3.685228349380743566e+03
6.420000129787315757e+01 2.141989646063765917e+01
6.430000129989464597e+01 2.713670617330201651e+01
6.440000130191640437e+01 3.396677121582252568e+01
6.450000130393790698e+01 5.846109881252346696e+01
6.460000130595965118e+01 1.212687668007308019e+02
6.470000130798115379e+01 1.071665234502205166e+01
6.480000131000289798e+01 -3.444810292138517127e+01
6.490000131202440059e+01 6.460634557597621175e+00
6.500000131404591741e+01 -7.920239862671992626e+01
6.510000131606766161e+01 5.712279854369047172e+01
6.520000131808916422e+01 9.696720945436345573e+01
6.530000132011090841e+01 1.262143618237352030e+02
6.540000132213242523e+01 3.157297046025614051e+01
6.550000132415416942e+01 5.639772731065213662e+01
6.560000132617567203e+01 1.804117560753599037e+01
6.570000132819716043e+01 2.309181368142796487e+01
6.580000133021891884e+01 9.428168748292346635e+00
6.590000133224042145e+01 -1.412535666252985891e+02
6.600000133426217985e+01 3.450682770224476315e+01
6.610000133628366825e+01 1.292444242725076542e+01
6.620000133830542666e+01 8.179377036808352841e+01
6.630000134032692927e+01 9.542427398946907147e+01
6.640000134234843188e+01 -7.588339566510020973e+01
6.650000134437017607e+01 3.780022541602756547e+01
6.660000134639167868e+01 1.912321099392701029e+01
6.670000134841342287e+01 2.559271217387579256e+01
6.680000135043493970e+01 3.531024708020353131e+01
6.690000135245668389e+01 2.052395200899268275e+02
6.700000135447818650e+01 8.210433612382269430e+00
6.710000135649970332e+01 2.536977743102355021e+01
6.720000135852144751e+01 2.072081380746036672e+01
6.730000136054293591e+01 -1.936007880707262530e+01
6.740000136256469432e+01 1.576810472801750684e+01
6.750000136458619693e+01 2.894276484858710319e+01
6.760000136660794112e+01 1.404794616689775388e+01
6.770000136862944373e+01 -2.127109783487862273e+02
6.780000137065094634e+01 2.960488933315854965e+01
6.790000137267269054e+01 1.049235997759531536e+01
6.800000137469420736e+01 3.990654813205279794e+01
6.810000137671595155e+01 -2.357971737410846913e+01
6.820000137873745416e+01 5.064890346957080851e+02
6.830000138075919836e+01 2.944432515349545199e+01
6.840000138278071518e+01 1.462240925597148689e+01
6.850000138480221779e+01 -2.017426044746079583e+01
6.860000138682396198e+01 7.111346401815966445e+00
6.870000138884546459e+01 -2.930104906379775898e+01
6.880000139086720878e+01 2.073679588942385976e+01
6.890000139288872560e+01 1.614969720175886536e+01
6.900000139491046980e+01 4.331208977199543853e+01
6.910000139693195820e+01 1.750453534175200332e+01
6.920000139895371660e+01 8.347610049547940037e+01
6.930000140097521921e+01 -1.712397845206330942e+02
6.940000140299672182e+01 1.825958285748616206e+01
6.950000140501846602e+01 1.342011376476232343e+01
6.960000140703996863e+01 2.068039960683961169e+02
6.970000140906171282e+01 2.925501794632979227e+02
6.980000141108322964e+01 1.634389333559068191e+01
6.990000141310497384e+01 1.582604197520273281e+01
7.000000141512647645e+01 1.754133338543453036e+01
7.010000141714799327e+01 -6.043594665096549789e+01
7.020000141916973746e+01 4.418636306278665415e+01
7.030000142119124007e+01 1.537462215850851521e+01
7.040000142321298426e+01 4.722326192418320545e+01
7.050000142523448687e+01 -2.796901104000156124e+02
7.060000142725623107e+01 4.080013373836433033e+01
7.070000142927773368e+01 1.595078931499282326e+01
7.080000143129923629e+01 -5.946024115792508979e+01
7.090000143332098048e+01 2.160359688966298464e+01
7.100000143534249730e+01 1.788017054717485976e+01
7.110000143736424150e+01 -4.486122705311766623e+01
7.120000143938574411e+01 2.366586136507728000e+01
7.130000144140748830e+01 1.616612308985826587e+02
7.140000144342900512e+01 1.356961556300066896e+01
7.150000144545050773e+01 2.951409139677662452e+01
7.160000144747225193e+01 1.525393992203335536e+01
7.170000144949375454e+01 7.664087260729461093e+01
7.180000145151549873e+01 1.512676604600267005e+01
7.190000145353701555e+01 5.785845087624326055e+01
7.200000145555875974e+01 2.502175022277977590e+01
7.210000145758026235e+01 1.490888345226271916e+01
7.220000145960176496e+01 -7.012838691097898902e+01
7.230000146162350916e+01 1.109932879381144488e+01
7.240000146364501177e+01 4.295947988981293975e+01
7.250000146566675596e+01 -2.198495304666991501e+01
7.260000146768827278e+01 1.869110159887861755e+01
7.270000146971001698e+01 2.839893247737497717e+01
7.280000147173151959e+01 4.041646479750556153e+01
7.290000147375302220e+01 -1.414888886009421753e+02
7.300000147577476639e+01 1.414625713405611407e+01
7.310000147779628321e+01 1.586647773100561309e+01
7.320000147981802741e+01 -2.864921171090437042e+02
7.330000148183953002e+01 8.634999145556589895e+01
7.340000148386127421e+01 1.422286895549474828e+01
7.350000148588277682e+01 -3.039032095355414498e+01
7.360000148790427943e+01 2.936317375719804446e+01
7.370000148992603783e+01 1.153328409197770554e+01
7.380000149194752623e+01 -4.731483029380013505e+01
7.390000149396927043e+01 8.600654483904101255e+00
7.400000149599078725e+01 1.204906378801736366e+02
7.410000149801253144e+01 2.667089115990330939e+01
7.420000150003403405e+01 2.082502174876982082e+01
7.430000150205577825e+01 2.791283077820159875e+01
7.440000150407729507e+01 1.289517380419015069e+01
7.450000150609879768e+01 -1.800945490480396671e+01
7.460000150812054187e+01 1.748379591563710278e+01
7.470000151014204448e+01 2.468900161182148167e+01
7.480000151216378868e+01 4.354535586472744768e+01
7.490000151418530550e+01 4.972634404956773579e+01
7.500000151620704969e+01 -3.258787366781686501e+01
7.510000151822855230e+01 8.617962759174805143e+00
7.520000152025005491e+01 8.235168797380625350e+00
7.530000152227181331e+01 -7.776503761246142687e+01
7.540000152429330171e+01 1.381479786817400957e+01
7.550000152631506012e+01 -1.152220088005512189e+01
7.560000152833656273e+01 9.878355141589871380e+00
7.570000153035830692e+01 7.286958983349303764e+01
7.580000153237980953e+01 1.539817517458718044e+01
7.590000153440131214e+01 -2.213896953211063234e+01
7.600000153642305634e+01 9.992782500762145048e+01
7.610000153844457316e+01 7.507865184120687374e+00
7.620000154046631735e+01 -1.591137784978566927e+01
7.630000154248781996e+01 2.687885803535768758e+01
7.640000154450956416e+01 1.284305168866770863e+01
7.650000154653106677e+01 2.778643362560170615e+01
7.660000154855256937e+01 1.876314261054691812e+01
7.670000155057432778e+01 1.739907132734659001e+01
7.680000155259581618e+01 -5.245469921903787736e+01
7.690000155461757458e+01 1.411652322583289276e+01
7.700000155663907719e+01 2.295111957327574359e+01
7.710000155866083560e+01 -9.000243565231195930e+01
7.720000156068232400e+01 5.090168262698137625e+01
7.730000156270384082e+01 1.662466845361549872e+01
7.740000156472558501e+01 8.453842914522321371e+04
7.750000156674708762e+01 3.293077658790760154e+01
7.760000156876883182e+01 6.374074438262384490e+01
7.770000157079033443e+01 1.100284717546065494e+01
7.780000157281207862e+01 7.246552541288149030e+01
7.790000157483359544e+01 1.158850989909956439e+02
7.800000157685509805e+01 6.712926533876358803e+01
7.810000157887684225e+01 6.235920798298075773e+00
7.820000158089834486e+01 -8.709200136938859771e+01
7.830000158292010326e+01 -6.166857662581551836e+01
7.840000158494159166e+01 -4.156056472109366950e+01
7.850000158696335006e+01 6.856996366008623056e+00
7.860000158898485267e+01 6.196734291682616202e+01
7.870000159100659687e+01 -1.193530903536106180e+01
7.880000159302809948e+01 8.040478783632940107e+00
7.890000159504960209e+01 1.075053885789002663e+02
7.900000159707134628e+01 9.702859884719511996e+00
7.910000159909286310e+01 -1.311149323357706997e+01
7.920000160111460730e+01 9.576567069388325137e+00
7.930000160313610991e+01 3.512424873240562562e+01
7.940000160515785410e+01 3.577960258679682681e+01
7.950000160717937092e+01 -1.765648556303029295e+02
7.960000160920087353e+01 5.648482354819303453e+01
7.970000161122261773e+01 1.590950690948538160e+01
7.980000161324412034e+01 9.223718908427732686e+02
7.990000161526586453e+01 -7.528676597005259907e+01
8.000000161728736714e+01 6.804181876034207654e+00
8.010000161930912554e+01 -8.284962970766559920e+01
8.020000162133061394e+01 1.541669514336797420e+01
8.030000162335213076e+01 1.964096011962909358e+02
8.040000162537387496e+01 3.316526559530785789e+01
8.050000162739537757e+01 1.215924919566264606e+01
8.060000162941712176e+01 2.837622303571306404e+01
8.070000163143862437e+01 -2.041654012811991237e+01
8.080000163346036857e+01 1.353413902423652893e+01
8.090000163548188539e+01 2.909000229570441931e+01
8.100000163750338800e+01 1.540852521838240641e+01
8.110000163952513219e+01 -1.066307792635371854e+01
8.120000164154664901e+01 6.846745927039431301e+00
8.130000164356839321e+01 -4.532955034044908160e+01
8.140000164558988160e+01 7.237630831910315088e+00
8.150000164761164001e+01 -1.256503691383350585e+01
8.160000164963314262e+01 1.455517723885845882e+01
8.170000165165464523e+01 2.025144791620781604e+01
8.180000165367638942e+01 2.003284685223307093e+01
8.190000165569789203e+01 -2.558982890506049657e+01
8.200000165771963623e+01 2.289452040731765337e+01
8.210000165974115305e+01 1.238376330037491080e+01
8.220000166176289724e+01 3.428249878978428455e+01
8.230000166378439985e+01 -1.156481840700640618e+01
8.240000166580591667e+01 6.290247256530705933e+00
8.250000166782766087e+01 -1.802695182903918862e+02
8.260000166984916348e+01 3.136747547370149292e+01
8.270000167187090767e+01 1.242685524175649192e+01
8.280000167389241028e+01 -1.003285021594714266e+02
8.290000167591415448e+01 1.900648351582642803e+01
8.300000167793567130e+01 4.141005619170042706e+01
8.310000167995741549e+01 2.769502569103923406e+01
8.320000168197890389e+01 -6.401235076455539286e+01
8.330000168400042071e+01 1.216497203797238491e+01
8.340000168602216490e+01 1.225628000501142623e+01
8.350000168804366751e+01 -1.833487938137430007e+01
8.360000169006541171e+01 2.322475796183369923e+01
8.370000169208691432e+01 -1.784620753400652404e+01
8.380000169410867272e+01 8.039485885621363792e+00
8.390000169613017533e+01 -3.089779664550682980e+01
8.400000169815167794e+01 6.411249092685422646e+00
8.410000170017342214e+01 4.865117868910723473e+02
8.420000170219493896e+01 3.546189173220327717e+01
8.430000170421668315e+01 2.118235541334628280e+01
8.440000170623818576e+01 1.625897496942038742e+02
8.450000170825992996e+01 9.922068113085234842e+00
8.460000171028143257e+01 -1.466472785699246906e+01
8.470000171230293518e+01 1.220023995085492743e+02
8.480000171432467937e+01 6.765421092100889489e+00
8.490000171634618198e+01 -9.796493214138338601e+01
8.500000171836792617e+01 1.502531644602032657e+01
8.510000172038944299e+01 -8.913232324715139043e+01
8.520000172241118719e+01 1.360354701929945342e+01
8.530000172443268980e+01 3.348589327833798279e+01
8.540000172645420662e+01 3.117550361028299477e+01
8.550000172847595081e+01 4.772392129079220524e+01
8.560000173049745342e+01 -1.338512061589873383e+03
8.570000173251919762e+01 3.412560484299591224e+01
8.580000173454070023e+01 1.181401493879993225e+01
8.590000173656244442e+01 -8.377778793292193882e+00
8.600000173858396124e+01 6.064939196323995141e+00
8.610000174060544964e+01 -1.284204971228835177e+02
8.620000174262720805e+01 3.750613430216416333e+01
8.630000174464871066e+01 7.863002846841494531e+00
8.640000174667045485e+01 -3.213507173181380239e+01
8.650000174869195746e+01 7.748991241533390806e+00
8.660000175071370165e+01 -1.177967815092908310e+01
8.670000175273521847e+01 8.931703213487468318e+00
8.680000175475672108e+01 8.973902713653978935e+01
8.690000175677846528e+01 -2.802482552040467922e+01
8.700000175879996789e+01 1.298906036246404199e+02
8.710000176082171208e+01 1.197766041029881023e+01
8.720000176284322890e+01 7.955571074989943980e+00
8.730000176486497310e+01 2.439125659749490183e+01
8.740000176688647571e+01 -1.208382149938885952e+01
8.750000176890797832e+01 6.646944744800882710e+00
8.760000177092972251e+01 -2.756491660048591896e+01
8.770000177295122512e+01 1.053837406593084324e+03
8.780000177497298353e+01 1.331408539780246336e+01
8.790000177699447192e+01 -1.233098908267615883e+02
8.800000177901621612e+01 1.122382613080445601e+01
8.810000178103773294e+01 -2.640261081590416481e+01
8.820000178305947713e+01 8.010365439676053967e+00
8.830000178508097974e+01 -2.581164421819928734e+01
8.840000178710249656e+01 2.053942157260056334e+01
8.850000178912424076e+01 -1.831070997074998985e+01
8.860000179114574337e+01 1.249327777212924317e+01
8.870000179316748756e+01 1.364045850865416298e+01
8.880000179518899017e+01 2.964500869221100743e+01
8.890000179721073437e+01 4.981140436722825626e+01
8.900000179923225119e+01 -2.394630779229498430e+01
8.910000180125373959e+01 1.133739835573912558e+01
8.920000180327549799e+01 8.737377705048420040e+00
8.930000180529700060e+01 -6.711051296013856415e+01
8.940000180731875901e+01 -1.175728513543904228e+02
8.950000180934024741e+01 -3.036107546841784028e+02
8.960000181136200581e+01 1.231101967851757806e+01
8.970000181338350842e+01 -4.930427793507758594e+01
8.980000181540501103e+01 -3.139123043130145874e+01
8.990000181742675522e+01 1.740937701947365923e+01
9.000000181944825783e+01 5.097956590697409140e+00
9.010000182147000203e+01 -4.911004266397023343e+01
9.020000182349151885e+01 9.353502562242276497e+00
9.030000182551326304e+01 -1.019810645302634100e+01
9.040000182753476565e+01 1.033454954535280379e+01
9.050000182955626826e+01 -3.494690418599574144e+01
9.060000183157802667e+01 -2.220152759269020493e+01
9.070000183359951507e+01 7.907251185321383602e+00
9.080000183562127347e+01 2.703730889948820604e+01
9.090000183764276187e+01 6.343386674371028988e+00
9.100000183966452028e+01 -5.694097114645514601e+00
9.110000184168602289e+01 6.288163041716662072e+00
9.120000184370752550e+01 8.740651664322427905e+01
9.130000184572926969e+01 1.495747391574423624e+01
9.140000184775078651e+01 1.827635267081466353e+01
9.150000184977253070e+01 -2.220522987499400358e+01
9.160000185179403331e+01 -2.842214917712732714e+01
9.170000185381577751e+01 9.735812415978937651e+00
9.180000185583728012e+01 -1.191046965673889879e+01
9.190000185785879694e+01 2.616061655784992013e+01
9.200000185988054113e+01 2.326745125365825473e+01
9.210000186190204374e+01 6.458130976226435394e+00
9.220000186392378794e+01 2.341579480126386414e+01
9.230000186594529055e+01 -1.478098680340177218e+01
9.240000186796704895e+01 5.887294622464075644e+00
9.250000186998853735e+01 -7.782934768356592592e+00
9.260000187201029576e+01 6.584770203140192457e+00
9.270000187403179837e+01 -7.904454228833666996e+00
9.280000187605330098e+01 1.936963626287694495e+01
9.290000187807504517e+01 6.452052281541259759e+00
9.300000188009654778e+01 1.104929434522789933e+02
9.310000188211829197e+01 9.515823414996265939e+00
9.320000188413980879e+01 -3.941372107175625672e+01
9.330000188616155299e+01 2.505948315688958061e+01
9.340000188818305560e+01 -4.254561637333315360e+01
9.350000189020457242e+01 7.031772725262104728e+00
9.360000189222631661e+01 2.982024436460226369e+01
9.370000189424781922e+01 -1.286859653497727329e+01
9.380000189626956342e+01 7.137957058352023765e+00
9.390000189829106603e+01 -8.513212230648969481e+00
9.400000190031281022e+01 4.131911533583136453e+00
9.410000190233431283e+01 -7.092439346631347341e+00
9.420000190435581544e+01 2.994095207232660982e+01
9.430000190637755964e+01 4.260038120787449856e+01
9.440000190839907646e+01 8.386543346779419039e+00
9.450000191042082065e+01 -4.710982747749757493e+01
9.460000191244232326e+01 1.301353222644947891e+02
9.470000191446406745e+01 -1.058026773928523738e+02
9.480000191648557006e+01 8.442991677941893869e+00
9.490000191850708688e+01 5.658043829413745840e+00
9.500000192052883108e+01 -6.878526894096727240e+00
9.510000192255033369e+01 4.920708416063621193e+00
9.520000192457207788e+01 -7.838621063567271285e+00
9.530000192659359470e+01 8.446416177660996283e+00
9.540000192861533890e+01 1.418000043140448518e+01
9.550000193063682730e+01 -7.158668482902141861e+00
9.560000193265834412e+01 1.135289317200122561e+01
9.570000193468008831e+01 9.845547829794449868e+00
9.580000193670159092e+01 -1.465738690312706538e+01
9.590000193872333512e+01 4.683896420668287597e+00
9.600000194074483773e+01 -8.315392723726137802e+00
9.610000194276658192e+01 5.522231049288898852e+00
9.620000194478809874e+01 -5.373675913177063990e+01
9.630000194680960135e+01 -3.094111773415150992e+02
9.640000194883134554e+01 2.334835978918538046e+01
9.650000195085286236e+01 5.404820742579768478e+01
9.660000195287460656e+01 1.539290136270137488e+01
9.670000195489610917e+01 -5.606112328500458375e+00
9.680000195691785336e+01 4.917945711075674353e+00
9.690000195893935597e+01 9.099243464498627532e+00
9.700000196096085858e+01 -8.189515623686927981e+00
9.710000196298261699e+01 5.687803248745728268e+01
9.720000196500410539e+01 1.165424582317242574e+01
9.730000196702584958e+01 7.607917373825130447e+00
9.740000196904736640e+01 8.947430554952120474e+01
9.750000197106911060e+01 1.099133665114095670e+01
9.760000197309061321e+01 -7.473257039182182204e+00
9.770000197511235740e+01 1.382672644793685279e+01
9.780000197713387422e+01 -9.771107937447210361e+02
9.790000197915537683e+01 8.119911323592329921e+00
9.800000198117712102e+01 -1.549069627591615905e+01
9.810000198319862363e+01 5.229211891466629680e+00
9.820000198522036783e+01 4.044783009131985096e+01
9.830000198724188465e+01 1.082297956305889386e+01
9.840000198926362884e+01 -2.448938519644385394e+02
9.850000199128513145e+01 -6.591177295447913309e+01
9.860000199330663406e+01 2.395245845585289146e+01
9.870000199532837826e+01 2.427194995992435622e+01
9.880000199734988087e+01 1.132334507055577433e+02
9.890000199937162506e+01 1.290769630683814455e+02
9.900000200139312767e+01 -3.274776451264475696e+01
9.910000200341487187e+01 1.253044594485536045e+01
9.920000200543638869e+01 -6.551267220876908937e+01
9.930000200745789130e+01 3.387042314124910547e+01
9.940000200947963549e+01 2.111799881533269740e+01
9.950000201150115231e+01 3.653356002472863295e+00
9.960000201352289650e+01 -5.158788903485884703e+00
9.970000201554439911e+01 7.528918329220537053e+00
9.980000201756614331e+01 -1.429833525684365547e+01
9.990000201958764592e+01 1.047925321199080351e+01
