2.534084053706919804e-14
2.550302247161795322e-09
2.013392452759887874e-09
1.134871188690489419e-08
2.748390301454683993e-08
4.446293949689206215e-08
5.621777882103273782e-08
5.825618185073544453e-08
4.942004647179309984e-08
3.249837809971012348e-08
1.362466975352027987e-08
7.776812527282572773e-10
1.312907116357564519e-09
2.072205368408575055e-08
6.015078427012987561e-08
1.161769498936315870e-07
1.810203591467995921e-07
2.438332228349437969e-07
2.926746568154836581e-07
3.167401392001334415e-07
3.083650127466697199e-07
2.643811779501348269e-07
1.865628468378233151e-07
8.111414767641988988e-08
4.262253461284615241e-08
1.738774773052398359e-07
3.021323932705932691e-07
4.183384425537894913e-07
5.153794025436475579e-07
5.877027553502500723e-07
6.302905259936153470e-07
6.373645440316266786e-07
6.013653386371942133e-07
5.127797557125113315e-07
3.613194473617298286e-07
1.387913892147984996e-07
1.562605171923081571e-07
5.125984810505634925e-07
9.007142177663851612e-07
1.271497517496555929e-06
1.564298461931290518e-06
1.725207522895733092e-06
1.726143349367603719e-06
1.571651951526309432e-06
1.291381044932204958e-06
9.274777592604976917e-07
5.248705935989583793e-07
1.257611734195585029e-07
2.334871342379862824e-07
5.245496951244987827e-07
7.288436890129368351e-07
8.385363388097033521e-07
8.565502042090500368e-07
7.954143161348348201e-07
6.750465184057752310e-07
5.197597727213398855e-07
3.549131332714061671e-07
2.036660537441115082e-07
8.425463049466230814e-08
8.108052673705401503e-09
2.104710333794557187e-08
8.705178633494625728e-09
4.321996310840958699e-08
1.112807765935031057e-07
1.837300372398154025e-07
2.451271601255911037e-07
2.828521832309860429e-07
2.885380762651656994e-07
2.589231315464068928e-07
1.959693134434559170e-07
1.062879277924366761e-07
2.575717417130363174e-14
1.107858473292644419e-07
2.136652147988193917e-07
2.975774840985323522e-07
3.541875364110325108e-07
3.788401111703976198e-07
3.709762181891562705e-07
3.339748838593337155e-07
2.744641324770036306e-07
2.012202869328127974e-07
1.238321636898298550e-07
5.133687647207452187e-08
8.968312315005277924e-09
5.236799099916922273e-08
7.711509900087953895e-08
8.432960307835912772e-08
7.745735816633292359e-08
6.140727257242240000e-08
4.153332777701024270e-08
2.264907134064131355e-08
8.278217056290060327e-09
1.675729999206510001e-09
3.231600292918912487e-09
1.766949864201450282e-09
7.891403086546233681e-10
1.729334925260062050e-09
3.853921598517828784e-09
1.346900443954801574e-08
2.888496936082063371e-08
4.785487325853488016e-08
6.687125317372810684e-08
8.157550279719316677e-08
8.750508082022712131e-08
8.092281542082524481e-08
5.957352855467945574e-08
2.323524983527391896e-08
2.603324242289595247e-08
8.399891418542360100e-08
1.447104205354321493e-07
2.012444653975986597e-07
2.466370324916145051e-07
2.748620666903622833e-07
2.817083210038262564e-07
2.654162963855455359e-07
2.269713804403661328e-07
1.700023506689962716e-07
1.002979993225405764e-07
2.501775275831619183e-08
4.827736643786550985e-08
1.126189270728161773e-07
1.624955137113914816e-07
1.944591280222951468e-07
2.073930874813001424e-07
2.024203716588512947e-07
1.824917246207036214e-07
1.517444684906443797e-07
1.147578152782546823e-07
7.584298239438069800e-08
3.849348842455135866e-08
5.083447995879453174e-09
2.315482869330587334e-08
4.590709379304058757e-08
6.339827066104142261e-08
7.598508452999475082e-08
8.384746141842924771e-08
8.686647287592386135e-08
8.470786103109695375e-08
7.705830878945718609e-08
6.391431145447157292e-08
4.581456930496941027e-08
2.393324799454532581e-08
1.995625886763718881e-14
4.770614740409739873e-05
9.504310798572057628e-05
1.416664155735047892e-04
1.872777388022273115e-04
2.316404073646194384e-04
2.745877143729702485e-04
3.160240849444384548e-04
3.559204325541687197e-04
3.943057702401886466e-04
4.312572603529518656e-04
4.668904115341654393e-04
5.013502502425326579e-04
5.348032834657789891e-04
5.674292379941603404e-04
5.994111775899368943e-04
6.309228354413332074e-04
6.621128633302053590e-04
6.930870054646098843e-04
7.238905824380192922e-04
7.544946587884904243e-04
7.847894608879191214e-04
8.145878148017593468e-04
8.436396970711301790e-04
8.716568286298853607e-04
8.983441534936575934e-04
9.234335628008349950e-04
9.467146975786211449e-04
9.680581608874638810e-04
9.874278101377753636e-04
1.004880652231365801e-03
1.020554856537403410e-03
1.034648207814958809e-03
1.047390685550653178e-03
1.059015597055235069e-03
1.069733706282938179e-03
1.079714089137151500e-03
1.089074131812250990e-03
1.097879413968549933e-03
1.106152503895452277e-03
1.113888260577788891e-03
1.121072333638617469e-03
1.127699286141203849e-03
1.133787099499128370e-03
1.139385601146569726e-03
1.144577380756239826e-03
1.149470847340849922e-03
1.154186111800181713e-03
1.158835314714834475e-03
1.163499848381432944e-03
1.168207613496563546e-03
1.172913907563466474e-03
1.177489610047821600e-03
1.181719856414298331e-03
1.185315312694223966e-03
1.187936552917212563e-03
1.189230126694584833e-03
1.188872993993284055e-03
1.186620414356520659e-03
1.182351370577650052e-03
1.176105366465840518e-03
1.168105055928569946e-03
1.158760561066729533e-03
1.148653091774587409e-03
1.138496527270271841e-03
1.129074205065028202e-03
1.121143019852388623e-03
1.115291910812332699e-03
1.111754854731861197e-03
1.110241930186606218e-03
1.109960712833923946e-03
1.110003225370082003e-03
1.335059160857299254e-03
1.759565506513183220e-03
2.140414102831722509e-03
2.429178509718188383e-03
2.643799453786455089e-03
2.809346901592846280e-03
2.943762746773881389e-03
3.057355093992963901e-03
3.155049927066777560e-03
3.238601786832384644e-03
3.308272217510788149e-03
3.363970181303244100e-03
3.405918462644486056e-03
3.434921415763458885e-03
3.452323659706935111e-03
3.459763971523310833e-03
3.458835053001041437e-03
3.450753820899543634e-03
3.436127963135693353e-03
3.414874290122160705e-03
3.386306101265501578e-03
3.349366079710924815e-03
3.302946529240902152e-03
3.246219125664306926e-03
3.178897552415405059e-03
3.101377708571717573e-03
3.014734238165228675e-03
2.920588055476902589e-03
2.820887419969886345e-03
2.717659147036366463e-03
2.612785643744564013e-03
2.507849981711052223e-03
2.404069535656472301e-03
2.302314432983898485e-03
2.203186367464970985e-03
2.107121573604375797e-03
2.014481621578967374e-03
1.925606170746385626e-03
1.840818745932892853e-03
1.760394329793579793e-03
1.684510679316464365e-03
1.613209848694785453e-03
1.546390911501716037e-03
1.483841036238942035e-03
1.425294973861401804e-03
1.370499668862656950e-03
1.319257022299902271e-03
1.271425659736702407e-03
1.226878721645785486e-03
1.185432556121190917e-03
1.146773567879455502e-03
1.110412406730931778e-03
1.075685254487479536e-03
1.041804732441364845e-03
1.007944551231210184e-03
9.733294725012275883e-04
9.372999560476324987e-04
8.993295385920918594e-04
8.589892983189018061e-04
8.158721591953743690e-04
7.695042856960820910e-04
7.192768503839208627e-04
6.644274526309001949e-04
6.040883301650645798e-04
5.374024193814941341e-04
4.636922962745482213e-04
3.826531295879065375e-04
2.945297194492102477e-04
2.002314159270379701e-04
1.013420119777563855e-04
1.595945597898662527e-14
1.177900277316012989e-10
2.241928032109541391e-10
3.091842892821716759e-10
3.652458613334630400e-10
3.882989485504140248e-10
3.782606172730851313e-10
3.391960878840194482e-10
2.791056552542414693e-10
2.095130735568773162e-10
1.451064268742641161e-10
1.019025697157616150e-10
8.369360759985511322e-11
6.783174022473303921e-11
3.042477381143271487e-11
3.816541527257300004e-11
1.377037650573953442e-10
2.617832894902250018e-10
3.997502051600321238e-10
5.382504719708691709e-10
6.628138038422548561e-10
7.594912754260718657e-10
8.164395270959801110e-10
8.253037975247679015e-10
7.822576753024890195e-10
6.885868264472350120e-10
5.507402311977216414e-10
3.798287240286413180e-10
1.906026725340126404e-10
5.717648576819556183e-15
1.746406630420693773e-10
3.174230323033100376e-10
4.158065558534929096e-10
4.622381366559125127e-10
4.555447130627499064e-10
4.022036037554244103e-10
3.184570107617190615e-10
2.363752804601659818e-10
2.085157047027053068e-10
2.477684446500205695e-10
2.944511856561859986e-10
3.001132953261986813e-10
2.394314746467784971e-10
1.001544680523380748e-10
1.199008392571698778e-10
4.135198572452480903e-10
7.646678845674159675e-10
1.149588951809832338e-09
1.538552146795879594e-09
1.898184776027989074e-09
2.194232712193766588e-09
2.394534737160114446e-09
2.471957083471920669e-09
2.407032489992744217e-09
2.190060743867405790e-09
1.822463957523723366e-09
1.317251641097527681e-09
6.985215461607907628e-10
8.687495167691849929e-15
7.372221444423843195e-10
1.467759247475441953e-09
2.145267685715879225e-09
2.726060072122393763e-09
3.172514195792786040e-09
3.456041758331807046e-09
3.559350814086315040e-09
3.477804128015904439e-09
3.219754352024040145e-09
2.805826987417603391e-09
2.267210030826305456e-09
1.643099711845508182e-09
9.775184550697701980e-10
3.157800687603184997e-10
2.990972192140617381e-10
8.297246778532496592e-10
1.247143499583103221e-09
1.532859617014992182e-09
1.679949623856202834e-09
1.693158030446895168e-09
1.587996900642707487e-09
1.388944598224028937e-09
1.126920889937821357e-09
8.362764647440457111e-10
5.515760626018106905e-10
3.044846319522065414e-10
1.211462596906187628e-10
2.197983461904584601e-11
1.226796442210797977e-14
7.740777463460801755e-11
2.310911462188869336e-10
4.432604561177555524e-10
6.889831760670261929e-10
9.395874078776955685e-10
1.165614188503028004e-09
1.339722610627092081e-09
1.439336511088740167e-09
1.448798719883015451e-09
1.360840384823092108e-09
1.177236419458438377e-09
9.085965868571577175e-10
5.733246655204027320e-10
1.958525563949820025e-10
1.956711459527582520e-10
5.720200979553169418e-10
9.056005390029042701e-10
1.172980212960084145e-09
1.356996015555722579e-09
1.448246078616932664e-09
1.445817576772867596e-09
1.357186696360201950e-09
1.197287824439285941e-09
9.868464379003683007e-10
7.501242405005825731e-10
5.122934298995573954e-10
2.966772383317106687e-10
1.220470391416483835e-10
3.053113317719180486e-14
6.855432888031032235e-11
1.000767246850386982e-10
1.364147128590786906e-10
2.116178898781129192e-10
3.150720795375150374e-10
4.214281146275311585e-10
5.083091170199338649e-10
5.588423057645286463e-10
5.629483545988023252e-10
5.183550255694058251e-10
4.308183254586595012e-10
3.131755410556991137e-10
1.828781015511538044e-10
5.736472408202075712e-11
5.395556224030428893e-11
1.608978505984737239e-10
2.956793698771775780e-10
4.918330742675891543e-10
7.604673557537466877e-10
1.088519663294817974e-09
1.445468855720832835e-09
1.788668213542621288e-09
2.067975263253529761e-09
2.230846590789425932e-09
2.228012607741192141e-09
2.019326428293055642e-09
1.579200631374177988e-09
9.010181767354907834e-10
3.977373985719623306e-14
1.086116530046865591e-09
2.298084056384652740e-09
3.559026212629490260e-09
4.779761086926015423e-09
5.865857410913832837e-09
6.725589030143197533e-09
7.278133429267086285e-09
7.461288503707308450e-09
7.238001892284628980e-09
6.601095836611392542e-09
5.575694100867778502e-09
4.219016552786669649e-09
2.617392802495288606e-09
8.805285389712480537e-10
8.667391526717693750e-10
2.494777412431758989e-09
3.880959470459188765e-09
4.922103280513567825e-09
5.546464287853325459e-09
5.723920337707966155e-09
5.472660408178953162e-09
4.860403080009234600e-09
3.998102210411857982e-09
3.024601624712630610e-09
2.082225780686286498e-09
1.286186351867613098e-09
6.948184527733047844e-10
2.925701070299879802e-10
2.534084053706919804e-14
1.760056979882573813e-07
1.367409526276119891e-06
4.448404777729342285e-06
1.005974222786920613e-05
1.858565938772649417e-05
3.018700953005826193e-05
4.486180563065267357e-05
6.250766028903509408e-05
8.297214111793738134e-05
1.060872808547053125e-04
1.316900809873733369e-04
1.596326462049713069e-04
1.897854066991999655e-04
2.220360618249983542e-04
2.562860651928455802e-04
2.924458720568179348e-04
3.304297875938722040e-04
3.701510237852922991e-04
4.115174285400646781e-04
4.544282411508837605e-04
4.987721243900344881e-04
5.444266079699944250e-04
5.912589501846921003e-04
6.391282874819437243e-04
6.878888096299440313e-04
7.373935837027278950e-04
7.874985701196990373e-04
8.380663419701450678e-04
8.889690419665030596e-04
9.400901940724848416e-04
9.913251199663575264e-04
1.042579883075323011e-03
1.093768871239686469e-03
1.144811312119298208e-03
1.195627165842150230e-03
1.246132939654087668e-03
1.296238002354455077e-03
1.345841939945802146e-03
1.394833388745464475e-03
1.443090623286291674e-03
1.490483978768997186e-03
1.536879976764549127e-03
1.582146818532748078e-03
1.626160737883242113e-03
1.668812580979783800e-03
1.710013920932118570e-03
1.749702025731325605e-03
1.787843082856677146e-03
1.824433234225153466e-03
1.859497178980429322e-03
1.893084339092354629e-03
1.925262828503582213e-03
1.956111696395534949e-03
1.985712101747194591e-03
2.014138201122839256e-03
2.041448578352589305e-03
2.067679010083867119e-03
2.092837246755185898e-03
2.116900308251179474e-03
2.139814564239506112e-03
2.161498615459778172e-03
2.181848736882541218e-03
2.200746411791465462e-03
2.218067296676340394e-03
2.233690828191137179e-03
2.247509624955512653e-03
2.259437855099410974e-03
2.269417832766518206e-03
2.277424266957095433e-03
2.283465799602202306e-03
2.287583718661334586e-03
2.289847992878735194e-03
2.290351023212899850e-03
2.289199717189882577e-03
2.286506645172048380e-03
2.282381116020693046e-03
2.276921005687104760e-03
2.270206086369852549e-03
2.262293445360663569e-03
2.253215368085370596e-03
2.242979811728329498e-03
2.231573339067816075e-03
2.218966142756184645e-03
2.205118590936860912e-03
2.189988585394209153e-03
2.173538955596743261e-03
2.155744122944558416e-03
2.136595357140780305e-03
2.116104103235150191e-03
2.094303067357139447e-03
2.071244991724119355e-03
2.046999299355201085e-03
2.021647021143990752e-03
1.995274606128139006e-03
1.967967339950971173e-03
1.939803141492335570e-03
1.910847467369747310e-03
1.881149932918935175e-03
1.850743067832782973e-03
1.819643387174552096e-03
1.787854698312996149e-03
1.755373311656871493e-03
1.722194603613502739e-03
1.688320219640326858e-03
1.653765119111916260e-03
1.618563663647265560e-03
1.582774035085499076e-03
1.546480432300545438e-03
1.509792718770552877e-03
1.472843454139449726e-03
1.435782513034944419e-03
1.398769746291494975e-03
1.361966344112008898e-03
1.325525697878582321e-03
1.289584611091132427e-03
1.254255678032500931e-03
1.219621534398085405e-03
1.185731503293263600e-03
1.152600932071978779e-03
1.120213264785618890e-03
1.088524647392452582e-03
1.057470639605484486e-03
1.026974429330751448e-03
9.969558249448007281e-04
9.673402472858971812e-04
9.380669574410305245e-04
9.090958366401724611e-04
8.804121702160605523e-04
8.520290674351449489e-04
8.239873546385112490e-04
7.963529940248070815e-04
7.692122839392245837e-04
7.426652733156791086e-04
7.168179569921329097e-04
6.917739021354285534e-04
6.676259826657315877e-04
6.444488708208240269e-04
6.222928565788321542e-04
6.011794472518539045e-04
5.810990512118419105e-04
5.620108853210403765e-04
5.438450772746739048e-04
5.265067738329243241e-04
5.098819251044828249e-04
4.938443015662374869e-04
4.782632223785943104e-04
4.630114340163915543e-04
4.479725802944978241e-04
4.330477464233317697e-04
4.181606381762903446e-04
4.032610651597545726e-04
3.883265270811508962e-04
3.733618427917972937e-04
3.583969039672174617e-04
3.434827671601192733e-04
3.286864110912390835e-04
3.140845719515339418e-04
2.997571237209895045e-04
2.857804894895177306e-04
2.722215540988948135e-04
2.591324994708488205e-04
2.465469068195780267e-04
2.344773697368629506e-04
2.229147468819081546e-04
2.118290605409023364e-04
2.011719263501077215e-04
1.908802890224770010e-04
1.808811463433479538e-04
1.710968764374043438e-04
1.614507456007552300e-04
1.518721691577407107e-04
1.423013253508131903e-04
1.326927803880773027e-04
1.230178660000524893e-04
1.132656529909681353e-04
1.034424765117836209e-04
9.357008277643963368e-05
8.368257330437778307e-05
7.382241393022459519e-05
6.403584447584043104e-05
5.436806679287586874e-05
4.485860037423128333e-05
3.553717605159212312e-05
2.642049046019945280e-05
