2.631506124117777290e-13
3.545497229140437412e-13
5.561662241859721689e-13
2.407796184655808247e-13
4.703182288068319394e-13
1.564276486121229937e-12
5.717093465307243605e-13
4.403144515663370839e-13
5.599409824696977012e-13
7.471800955727303517e-13
1.917632719283801634e-13
1.780476512336370831e-07
1.394677714705583327e-06
4.551257126367280748e-06
1.032033548387101263e-05
1.911946256313856729e-05
3.113974833238164486e-05
4.641822877271550851e-05
6.484375961110511177e-05
8.631797140498664866e-05
1.105961326271220901e-04
1.376073815656519983e-04
