3.863576125695544761e-14
1.566347721430882967e-04
6.191646596114541712e-04
1.367081827487570678e-03
2.370826428163247401e-03
3.596628693466719096e-03
5.010148681170112361e-03
6.580918613844521925e-03
8.280277023793969349e-03
1.008615502728388291e-02
1.197829779308079434e-02
1.393861854994821181e-02
1.595749022025075292e-02
1.802184204956419622e-02
2.012259323011705847e-02
2.225179735938920267e-02
2.440271871130678116e-02
2.656952498548942332e-02
2.874671353965393972e-02
3.093017857052954289e-02
3.311525904579171176e-02
3.529789726333648625e-02
3.747394206634702130e-02
3.963947125994576881e-02
4.179041323966381505e-02
4.392251439982647332e-02
4.603122776575391262e-02
4.811158561813821954e-02
5.015804832856646245e-02
5.216432014724314836e-02
5.412312132042901291e-02
5.602590533345702672e-02
5.786251235029210571e-02
5.962075883828726885e-02
6.128598661613943177e-02
6.284064436850150814e-02
6.426406646796056776e-02
6.553275246807316323e-02
6.662159137499779060e-02
6.750646342310584469e-02
6.816836371602397193e-02
6.859728721417235331e-02
6.879600447062833579e-02
6.877971210737282570e-02
6.857250001516024263e-02
6.820289738509455191e-02
6.769954385592907853e-02
6.708846416228170240e-02
6.639188043543364781e-02
6.562806999246295625e-02
6.481175704846392494e-02
6.395469121898961218e-02
6.306606718759727448e-02
6.215367235075291985e-02
6.122335375192650142e-02
6.027996748383512848e-02
5.932747789268627558e-02
5.837031552276766844e-02
5.740887691550322636e-02
5.644659610386804083e-02
5.548540539613361355e-02
5.452695620922776154e-02
5.357267180249813965e-02
5.262378863172978427e-02
5.168138900280555559e-02
5.074642704925186321e-02
4.981946842244339146e-02
4.890183261939806680e-02
4.799391652799406272e-02
4.709633366071430682e-02
4.620964094166463143e-02
4.533320749229796665e-02
4.446977065062091006e-02
4.361862578013608882e-02
4.278016798534589604e-02
4.195476334198611212e-02
4.114275213115747842e-02
4.034445160967231603e-02
3.956015838861770550e-02
3.879015048881451211e-02
3.803468912047569539e-02
3.729402022982697407e-02
3.656837585013217318e-02
3.585797528004802670e-02
3.516302611958038726e-02
3.448372517510367441e-02
3.382025925885978612e-02
3.317280588683468867e-02
3.254153389549407915e-02
3.192660397850308196e-02
3.132816915662214874e-02
3.074637518591624707e-02
3.018136090667830618e-02
2.963295007522920299e-02
2.910188674750130433e-02
2.858798087416047906e-02
2.809134611709299123e-02
2.761209023044988720e-02
2.715031512523116697e-02
2.670611688619822788e-02
2.627958574252406421e-02
2.587080598697266698e-02
2.547985584321613151e-02
2.510680727327280204e-02
2.475172572285441741e-02
2.441466979441445084e-02
2.409569084019944074e-02
2.379483246530270102e-02
2.351212992486584330e-02
2.324760940148060118e-02
2.300128714072488534e-02
2.277316842238691352e-02
2.256324633549436354e-02
2.237150032202037120e-02
2.219789444437950121e-02
2.204329872291069248e-02
2.190639772554306419e-02
2.178679112888373681e-02
2.168497868500360304e-02
2.160080715895568160e-02
2.153408754736849118e-02
2.148560493678333683e-02
2.145304652600296680e-02
2.143709002233246119e-02
2.143640889463890864e-02
2.145237048391118728e-02
2.148344351660433360e-02
2.152891688544322779e-02
2.158793559152188957e-02
2.165947167453877165e-02
2.174228977961301101e-02
2.183490724024078622e-02
2.193493313378416798e-02
2.204145423174105889e-02
2.215138545216935317e-02
2.226181152159897869e-02
2.236939272257906786e-02
2.246866266475289198e-02
2.255908297976322308e-02
2.263489006952515425e-02
2.269196077246021792e-02
2.272781534516077340e-02
2.274001280407295100e-02
2.275575790273909327e-02
2.284683863149258864e-02
2.301415277403043302e-02
2.325538960240888797e-02
2.357137238034351379e-02
2.396133458449986597e-02
2.442497921489228396e-02
2.496135974830565596e-02
2.556983625309516839e-02
2.624954748493454892e-02
2.699955140339932447e-02
2.781883271771604105e-02
2.870631063946835204e-02
2.966084671727861610e-02
3.068125262424539756e-02
3.176656243519840328e-02
3.291498231933526197e-02
3.412548284487876282e-02
3.539674959353550365e-02
3.672824254181134007e-02
3.811704772773333305e-02
3.956260794461347041e-02
4.106412972351553003e-02
4.261917731209513560e-02
4.422631958429029675e-02
4.588553017760704789e-02
4.759485916950462192e-02
4.935301539704789464e-02
5.115872403448912253e-02
5.301072740695250696e-02
5.490778530194767582e-02
5.684867480003014117e-02
5.883157212535533587e-02
6.085793652092347239e-02
6.292313973074697975e-02
6.502743495084756242e-02
6.716966575275667983e-02
6.934868124889465024e-02
7.156297456075549901e-02
7.381210686574118940e-02
7.609455973834916565e-02
7.840915522684638317e-02
8.075517902972501050e-02
8.313042372737716734e-02
8.553409015302965157e-02
8.796541018670128720e-02
9.042181735826443356e-02
9.290236304650595356e-02
9.540531373471478060e-02
9.792903962195637080e-02
1.004707832864947803e-01
1.030295889723419900e-01
1.056022124849738675e-01
1.081856446146627904e-01
1.107763404106160698e-01
1.133700620668410264e-01
1.159616693783528940e-01
1.185448383285421792e-01
1.211116813964276950e-01
1.236522348385630798e-01
1.261537700576116361e-01
1.285990949332892486e-01
1.309666925024240425e-01
1.332319946326352422e-01
1.353580148397103278e-01
1.373010071859310233e-01
1.390087464018829877e-01
1.404231598313679386e-01
1.414859585990942970e-01
1.421466765197836324e-01
1.423709728746784253e-01
1.418925148521686941e-01
1.407975818598348750e-01
1.394333216005862464e-01
1.379374974845397062e-01
1.363696213068626428e-01
1.347605493315980341e-01
1.331280857612773816e-01
1.314835397812044726e-01
1.298350288436302957e-01
1.281868654122214068e-01
1.265438880885733641e-01
1.249066129788143908e-01
1.232773610492589600e-01
1.216566782450792528e-01
1.200460550272231530e-01
1.184426747170740923e-01
1.168469436361404545e-01
1.152573633842392531e-01
1.136724755034967393e-01
1.120905223321473909e-01
1.105090724350731302e-01
1.089258809738544720e-01
1.073383747078025530e-01
1.057433551606984934e-01
1.041388565429800517e-01
1.025216662192294237e-01
1.008887610931019085e-01
9.923717652277025403e-02
9.756403987055545235e-02
9.586678094968392738e-02
9.414194729654462579e-02
9.238717120760658874e-02
9.059949475282114140e-02
8.877699270253219810e-02
8.691694429797175436e-02
8.501704224028222567e-02
8.307511059562983080e-02
8.108929781354407007e-02
7.905733960938904348e-02
7.697792541463682747e-02
7.484973031982167235e-02
7.267148596785227843e-02
7.044263208684514721e-02
6.816294689028151721e-02
6.583325077013363336e-02
6.345340653249986751e-02
6.102548824765219315e-02
5.855190959859574162e-02
5.603604244267018641e-02
5.348156796868502871e-02
5.089381459748504311e-02
4.827896400615172556e-02
4.564434687583951433e-02
4.299863142976351194e-02
4.035147639222452787e-02
3.771427203688043628e-02
3.509981497354047741e-02
3.252252877577951895e-02
2.999861982509427483e-02
2.754604724014320105e-02
2.518470699693015069e-02
2.293670627732169454e-02
2.082622532917011160e-02
1.887831027553343866e-02
1.712011558605161521e-02
1.557934609258279646e-02
1.428289129786855516e-02
1.325571742935824360e-02
1.252016666365757258e-02
1.209260951361307290e-02
1.198359120345987572e-02
1.198633763025494514e-02
1.199457661316674639e-02
1.200830726067364518e-02
1.202752808264562212e-02
1.205210820379956638e-02
1.208203178771127817e-02
1.211769908105597704e-02
1.215884441876488586e-02
1.220546326982366314e-02
1.225716496935841393e-02
1.231471201119779812e-02
1.237771517839339475e-02
1.244616737430584430e-02
1.252006083319426311e-02
1.259938710732949607e-02
1.268413705233284450e-02
1.277430081096161962e-02
1.286986779721990826e-02
1.297082667721916049e-02
1.307716535011249626e-02
1.318887092735243627e-02
1.330592970950594811e-02
1.342832716362624135e-02
1.355604789709116687e-02
1.368907563144003414e-02
1.382739317344194863e-02
1.397098238511104706e-02
1.412007174038218404e-02
1.427414533043719347e-02
1.443343017520387628e-02
1.459790401996885478e-02
1.476754348729472643e-02
1.494232403430392764e-02
1.512221990942685945e-02
1.530720410565875045e-02
1.549724831123208690e-02
1.569232285881017042e-02
1.589239667131298051e-02
1.609743720423364999e-02
1.630741038642893881e-02
1.652230523456463263e-02
1.674203469095922325e-02
1.696658478330634323e-02
1.719591466765066357e-02
1.742998162354439384e-02
1.766874097146475808e-02
1.791214598852500228e-02
1.816014781778152454e-02
1.841276308719635990e-02
1.866980308341609218e-02
1.893127954499523868e-02
1.919713408166742741e-02
1.946787025554994055e-02
1.974229821917303229e-02
2.002091261644778353e-02
2.030364365658501868e-02
2.059041835923877684e-02
2.088116040370421866e-02
2.117578997040373001e-02
2.147422357389178194e-02
2.177637388571654342e-02
2.208214954953294229e-02
2.239145498428937731e-02
2.270384074056036594e-02
2.301989844440280319e-02
2.333897516194130550e-02
2.366135092615842539e-02
2.398670758497040145e-02
2.431491945029154444e-02
2.464613526940337418e-02
2.497965588641448687e-02
2.531561781632424291e-02
2.565386975945477266e-02
2.599425317294673521e-02
2.633660189592637590e-02
2.668074175482443300e-02
2.702649014572072739e-02
2.737374067719181014e-02
2.772212038023599834e-02
2.807069934631384323e-02
2.842087344182728237e-02
2.877160066828357565e-02
2.912289935836512300e-02
2.947399456585794719e-02
2.982487612972206659e-02
3.017526256901154058e-02
3.052485831646747916e-02
3.087335297650553589e-02
3.122070736777196598e-02
3.156600440666806895e-02
3.190917223891101551e-02
3.224983298887171279e-02
3.258758967855573951e-02
3.292202525616388931e-02
3.325270159012216897e-02
3.357915842558401032e-02
3.390091230723324411e-02
3.421745547374110963e-02
3.452825472414072783e-02
3.483275026406684738e-02
3.513035453941870667e-02
3.542045106341457084e-02
3.570239324981178131e-02
3.597550326561266276e-02
3.623907091457467811e-02
3.649235257509364505e-02
3.673457021143450296e-02
3.696491047980110523e-02
3.718252396653792813e-02
3.738652458205349305e-02
3.757621308016417805e-02
3.775018230543847331e-02
3.790765739283713520e-02
3.804760411199548109e-02
3.816895241244072645e-02
3.827059773285879096e-02
3.835140282500132392e-02
3.841020016002122395e-02
3.844579498679717711e-02
3.845696909928492113e-02
3.844248538203681731e-02
3.840109317962886459e-02
3.833153453642063058e-02
3.823255134066122496e-02
3.810289337492406281e-02
3.794123727161530235e-02
3.774655954633560073e-02
3.751759730598680509e-02
3.725322971402272865e-02
3.695332995181987989e-02
3.661506474460990423e-02
3.623844386026525699e-02
3.582266274884382540e-02
3.536702694630311505e-02
3.487096388834926008e-02
3.433403401767326502e-02
3.375594096745987427e-02
3.313654063950532969e-02
3.247584902837485910e-02
3.177404871892228200e-02
3.103149403484772861e-02
3.024871490269781527e-02
2.942641957842168088e-02
2.856567599359280396e-02
2.766719774663917164e-02
2.673241345545895875e-02
2.576275880042780408e-02
2.475985510723111016e-02
2.372551279921802925e-02
2.266152679320837526e-02
2.157052782855736761e-02
2.045472688549029860e-02
1.931698772049930679e-02
1.815979299725548057e-02
1.698655190992931496e-02
1.580077655508899115e-02
1.460701896957655732e-02
1.340824656566852457e-02
1.220991725273964934e-02
1.101740239627740925e-02
9.837343467031023359e-03
8.675369194957233132e-03
7.539798453508494980e-03
6.439372123980241502e-03
5.384031601085997876e-03
4.385006412295833211e-03
3.454717449432570531e-03
2.605494882857717354e-03
1.852258793278743765e-03
1.209577549066281899e-03
6.916101240264371786e-04
3.111207441405250407e-04
7.835994226818021602e-05
0.000000000000000000e+00
1.049494324885380525e-04
4.155111845222103639e-04
9.200295207642539275e-04
1.601371727908973419e-03
2.439107622791203411e-03
3.411590555352145282e-03
4.497534314791357124e-03
5.676142949730594855e-03
6.931194016829622662e-03
8.247103233660041388e-03
9.609592377723824574e-03
1.100749148565452473e-02
1.243070770666665492e-02
1.387081509854415362e-02
1.531982339963380846e-02
1.677320197494749920e-02
1.822494385805098482e-02
1.967055271264431249e-02
2.110619347751888086e-02
2.252858568107396486e-02
2.393492974619076952e-02
2.532270833829536327e-02
2.669019365261643406e-02
2.803572534674186878e-02
2.935760832150552391e-02
3.065488827619594625e-02
3.192646380737429457e-02
3.317214446670868622e-02
3.439125187130853689e-02
3.558351688715977179e-02
3.674883429466013762e-02
3.788724643399132841e-02
3.899892762313506012e-02
4.008416925622959592e-02
4.114353318821850625e-02
4.217678856195899995e-02
4.318541589074248455e-02
4.416966392925053553e-02
4.513020793187821900e-02
4.606776432010645239e-02
4.698308053173799737e-02
4.787692566456752674e-02
4.875008191664198520e-02
4.960333683242557079e-02
5.043747633699657840e-02
5.125327853238115239e-02
5.205150823851079078e-02
5.283291222775632345e-02
5.359800550414317577e-02
5.434790423118734948e-02
5.508291774222112691e-02
5.580398883062737125e-02
5.651157369647125117e-02
5.720624408414703987e-02
5.788853595884546621e-02
5.855894861369970172e-02
5.921794406087210749e-02
5.986594665529920700e-02
6.050334292300263428e-02
6.113041105921440677e-02
6.174760061688128188e-02
6.235511713066471673e-02
6.295319713120867133e-02
6.354204053053286172e-02
6.412181113312320768e-02
6.469267850305848722e-02
6.525465364732896401e-02
6.580783665518730174e-02
6.635225290326884906e-02
6.688789483011742254e-02
6.741472266098508248e-02
6.793266515311818798e-02
6.844155160381287795e-02
6.894138537277283429e-02
6.943193913192557964e-02
6.991302381089858908e-02
7.038442307567782663e-02
7.084589429946813732e-02
7.129668547366235787e-02
7.173747327568796850e-02
7.216745822155795631e-02
7.258630352385542217e-02
7.299365200437923917e-02
7.338912754546034201e-02
7.377233664953763981e-02
7.414287011712122899e-02
7.450031900640202709e-02
7.484421973870897249e-02
7.517414166240909967e-02
7.548963205906722429e-02
7.579023280872787538e-02
7.607533940378230497e-02
7.634477349459117823e-02
7.659793618340998700e-02
7.683437344141325065e-02
7.705363921558022744e-02
7.725529836868771927e-02
7.743892966036847181e-02
7.760412875289024459e-02
7.775051119734405214e-02
7.787771538707205510e-02
7.798540965227990229e-02
7.807298886756658396e-02
7.814075584373214589e-02
7.818818219008460968e-02
7.821506095328234487e-02
7.822141829789647227e-02
7.820673218056889420e-02
7.817111091639977749e-02
7.811450781818934930e-02
7.803691901121634356e-02
7.793797463107254853e-02
7.781857373499623254e-02
7.767843495466514314e-02
7.751772651728899843e-02
7.733665818458496100e-02
7.713548001927578168e-02
7.691448086716679011e-02
7.667398658389101840e-02
7.641435803364704515e-02
7.613605348286883734e-02
7.583936695256449090e-02
7.552481604507721435e-02
7.519287831972593095e-02
7.484405413737510449e-02
7.447886401688347258e-02
7.409784599897933921e-02
7.370128531150194062e-02
7.329028250435010161e-02
7.286514539933297563e-02
7.242645680457898694e-02
7.197480483661139461e-02
7.151078079973555157e-02
7.103497720086721090e-02
7.054798590676231163e-02
7.005039644606031457e-02
6.954307326000452871e-02
6.902603839087567694e-02
6.850014510359553332e-02
6.796598552113192193e-02
6.742406508132636755e-02
6.687495773677742950e-02
6.631920111990358135e-02
6.575732196638389704e-02
6.518929537034734434e-02
6.461670361786736594e-02
6.403949946372217150e-02
6.345816178838742383e-02
6.287317840344824882e-02
6.228495879301759741e-02
6.169396638931967658e-02
6.110062926273501782e-02
6.050504559666086690e-02
5.990811534116641246e-02
5.931018543368005158e-02
5.871149729909158621e-02
5.811241682804479947e-02
5.751329800950299997e-02
5.691448315961911142e-02
5.631630316895164245e-02
5.571907775738710322e-02
5.512311574273676129e-02
5.452737502566545880e-02
5.393481500996827327e-02
5.334450480390273697e-02
5.275646812431949995e-02
5.217108520270874461e-02
5.158860524859831820e-02
5.100926850741632768e-02
5.043330652781108370e-02
4.986094242556954326e-02
4.929239113871725086e-02
4.872785967826925857e-02
4.816754736834105710e-02
4.761164608099505147e-02
4.706042097892054743e-02
4.651395418764442402e-02
4.597236654599723416e-02
4.543588720117691659e-02
4.490467393683261754e-02
4.437887828419911918e-02
4.385864568204761449e-02
4.334403516826929037e-02
4.283534079563172670e-02
