9.758975517130745085e-08 9.758976764902450781e-08 1.758790207533928752e-07 1.191578096757534705e-03 1.191578096757536223e-03 1.273057885215334809e-03
4.859576807520779004e-06 4.859576807770485164e-06 8.754439188654370061e-06 1.191563520045850868e-03 1.191563520045852169e-03 1.273057763622611072e-03
9.718976094220444062e-06 9.718976094406335607e-06 1.750814476057326160e-05 1.191519751403813344e-03 1.191519751403814862e-03 1.273057395272382932e-03
1.457801766012474097e-05 1.457801766020735887e-05 2.626038859877931404e-05 1.191446734300406806e-03 1.191446734300407673e-03 1.273056769879955200e-03
1.943651594692890312e-05 1.943651594699748230e-05 3.501044100486601953e-05 1.191344365343951486e-03 1.191344365343953221e-03 1.273055870030029291e-03
2.429427738863468029e-05 2.429427738870386594e-05 4.375757469452467002e-05 1.191212501098845664e-03 1.191212501098846532e-03 1.273054670938601144e-03
2.915109776350757170e-05 2.915109776355328438e-05 5.250106522794579074e-05 1.191050959390119353e-03 1.191050959390120654e-03 1.273053140054747649e-03
3.400675959706214268e-05 3.400675959710427071e-05 6.124019167148441920e-05 1.190859520968001002e-03 1.190859520968002303e-03 1.273051236554822475e-03
3.886102958074889445e-05 3.886102958077522701e-05 6.997423723084840062e-05 1.190637931524606832e-03 1.190637931524608133e-03 1.273048910733635139e-03
4.371365604777000961e-05 4.371365604779574586e-05 7.870248989526231614e-05 1.190385904050876879e-03 1.190385904050878397e-03 1.273046103298103478e-03
4.856436649954736976e-05 4.856436649957537606e-05 8.742424306099771556e-05 1.190103121521291808e-03 1.190103121521293109e-03 1.273042744569751177e-03
5.341286517576383168e-05 5.341286517579257659e-05 9.613879610607573597e-05 1.189789239892839658e-03 1.189789239892840959e-03 1.273038753603259214e-03
5.825883070977380673e-05 5.825883070979925838e-05 1.048454549756439415e-04 1.189443891400162982e-03 1.189443891400164500e-03 1.273034037228993037e-03
6.310191383329431878e-05 6.310191383332200660e-05 1.135435326992896343e-04 1.189066688131719483e-03 1.189066688131720567e-03 1.273028489028180197e-03
6.794173518132955679e-05 6.794173518134518286e-05 1.222323499179990948e-04 1.188657225864930356e-03 1.188657225864931657e-03 1.273021988249938312e-03
7.277788315993596836e-05 7.277788315995269218e-05 1.309112353404874888e-04 1.188215088142930082e-03 1.188215088142931600e-03 1.273014398679970160e-03
7.760991192748991046e-05 7.760991192750839611e-05 1.395795262072034343e-04 1.187739850567702798e-03 1.187739850567704532e-03 1.273005567471081640e-03
8.243733945318898406e-05 8.243733945319958213e-05 1.482365686850471004e-04 1.187231085290267650e-03 1.187231085290268951e-03 1.272995323946137349e-03
8.725964569362992416e-05 8.725964569364542825e-05 1.568817182544675847e-04 1.186688365671003656e-03 1.186688365671005174e-03 1.272983478384228165e-03
9.207627087980081249e-05 9.207627087981432436e-05 1.655143400644550175e-04 1.186111271086314964e-03 1.186111271086315831e-03 1.272969820801040080e-03
9.688661390693598184e-05 9.688661390694911424e-05 1.741338092316067811e-04 1.185499391857825066e-03 1.185499391857826150e-03 1.272954119734534106e-03
1.016900308674398675e-04 1.016900308674544636e-04 1.827395111454670846e-04 1.184852334273852649e-03 1.184852334273853516e-03 1.272936121046872081e-03
1.064858336902303298e-04 1.064858336902417682e-04 1.913308417053863786e-04 1.184169725681530382e-03 1.184169725681531249e-03 1.272915546753652666e-03
1.112732889358272531e-04 1.112732889358372548e-04 1.999072075686849324e-04 1.183451219616865353e-03 1.183451219616866220e-03 1.272892093891034564e-03
1.160516167105425959e-04 1.160516167105508087e-04 2.084680263360149494e-04 1.182696500950986863e-03 1.182696500950987731e-03 1.272865433431355454e-03
1.208199897390360993e-04 1.208199897390450575e-04 2.170127267368754192e-04 1.181905291020328951e-03 1.181905291020329384e-03 1.272835209257200048e-03
1.255775325869258217e-04 1.255775325869319203e-04 2.255407487927693112e-04 1.181077352714817634e-03 1.181077352714818935e-03 1.272801037203595293e-03
1.303233210249013561e-04 1.303233210249070482e-04 2.340515439359868951e-04 1.180212495499017829e-03 1.180212495499018480e-03 1.272762504177581177e-03
1.350563815731279282e-04 1.350563815731368458e-04 2.425445751467756922e-04 1.179310580333051183e-03 1.179310580333052050e-03 1.272719167363476874e-03
1.397756911888390426e-04 1.397756911888427831e-04 2.510193170360499226e-04 1.178371524473521576e-03 1.178371524473522444e-03 1.272670553522090627e-03
1.444801771447226906e-04 1.444801771447263498e-04 2.594752559531575452e-04 1.177395306119848571e-03 1.177395306119849872e-03 1.272616158390755658e-03
1.491687170597505582e-04 1.491687170597551931e-04 2.679118900436477956e-04 1.176381968887947735e-03 1.176381968887948385e-03 1.272555446191122545e-03
1.538401391294695868e-04 1.538401391294719992e-04 2.763287293360457684e-04 1.175331626077003987e-03 1.175331626077004421e-03 1.272487849250015244e-03
1.584932225185464781e-04 1.584932225185508962e-04 2.847252957850512326e-04 1.174244464712827316e-03 1.174244464712827533e-03 1.272412767738804063e-03
1.631266979529833957e-04 1.631266979529880578e-04 2.931011233327954582e-04 1.173120749336415336e-03 1.173120749336416203e-03 1.272329569535057565e-03
1.677392485023242695e-04 1.677392485023264108e-04 3.014557579655105122e-04 1.171960825516781771e-03 1.171960825516782422e-03 1.272237590209933725e-03
1.723295105425271011e-04 1.723295105425310043e-04 3.097887577431647325e-04 1.170765123068796083e-03 1.170765123068796734e-03 1.272136133144110854e-03
1.768960749358389282e-04 1.768960749358412592e-04 3.180996928623260164e-04 1.169534158946124560e-03 1.169534158946124993e-03 1.272024469773311035e-03
1.814374883902832979e-04 1.814374883902897218e-04 3.263881456793246618e-04 1.168268539798759812e-03 1.168268539798760029e-03 1.271901839965108296e-03
1.859522550436770391e-04 1.859522550436791804e-04 3.346537107697472807e-04 1.166968964164609261e-03 1.166968964164609695e-03 1.271767452526148751e-03
1.904388382346573262e-04 1.904388382346613106e-04 3.428959949510122741e-04 1.165636224287406632e-03 1.165636224287406849e-03 1.271620485840046577e-03
1.948956624957777972e-04 1.948956624957809685e-04 3.511146173266237657e-04 1.164271207534831910e-03 1.164271207534832127e-03 1.271460088633658871e-03
1.993211157577252078e-04 1.993211157577269425e-04 3.593092093276735607e-04 1.162874897404166758e-03 1.162874897404167409e-03 1.271285380869793423e-03
2.037135517541530333e-04 2.037135517541553914e-04 3.674794147273938486e-04 1.161448374104946495e-03 1.161448374104946711e-03 1.271095454763998241e-03
2.080712926600939068e-04 2.080712926600954788e-04 3.756248896856186005e-04 1.159992814695535958e-03 1.159992814695536608e-03 1.270889375920673586e-03
2.123926319259864686e-04 2.123926319259876341e-04 3.837453027493928901e-04 1.158509492774260474e-03 1.158509492774260907e-03 1.270666184585898589e-03
2.166758373477466638e-04 2.166758373477471787e-04 3.918403348820420889e-04 1.156999777702048295e-03 1.156999777702048511e-03 1.270424897010509306e-03
2.209191543330697109e-04 2.209191543330716624e-04 3.999096794445012541e-04 1.155465133361423084e-03 1.155465133361423301e-03 1.270164506920056988e-03
2.251208094023797685e-04 2.251208094023808798e-04 4.079530422003104818e-04 1.153907116431792399e-03 1.153907116431792616e-03 1.269883987083872618e-03
2.292790138849482430e-04 2.292790138849499506e-04 4.159701412704066041e-04 1.152327374189609935e-03 1.152327374189609935e-03 1.269582290979206010e-03
2.333919678379571593e-04 2.333919678379590024e-04 4.239607070924233229e-04 1.150727641819962021e-03 1.150727641819962455e-03 1.269258354542142928e-03
2.374578641724511276e-04 2.374578641724514800e-04 4.319244823585983561e-04 1.149109739243238610e-03 1.149109739243239043e-03 1.268911097999030069e-03
2.414748929700459828e-04 2.414748929700482867e-04 4.398612219069039262e-04 1.147475567463270615e-03 1.147475567463271048e-03 1.268539427772334000e-03
2.454412460132739311e-04 2.454412460132759368e-04 4.477706926191536577e-04 1.145827104429541056e-03 1.145827104429541273e-03 1.268142238451136104e-03
2.493551214863619727e-04 2.493551214863627859e-04 4.556526732531621712e-04 1.144166400434250708e-03 1.144166400434251142e-03 1.267718414821781235e-03
2.532147288738923179e-04 2.532147288738926974e-04 4.635069542783442557e-04 1.142495573038552906e-03 1.142495573038553123e-03 1.267266833947584348e-03
2.570182940117086675e-04 2.570182940117102938e-04 4.713333376424931696e-04 1.140816801554301674e-03 1.140816801554301674e-03 1.266786367293246595e-03
2.607640643056283397e-04 2.607640643056294782e-04 4.791316365233828207e-04 1.139132321084288446e-03 1.139132321084288879e-03 1.266275882883248364e-03
2.644503140920263177e-04 2.644503140920268056e-04 4.869016750404050629e-04 1.137444416143271577e-03 1.137444416143271577e-03 1.265734247487316144e-03
2.680753501136407674e-04 2.680753501136414721e-04 4.946432879023096455e-04 1.135755413885306681e-03 1.135755413885307331e-03 1.265160328826755087e-03
2.716375171183200358e-04 2.716375171183207406e-04 5.023563200445990305e-04 1.134067676949208382e-03 1.134067676949208599e-03 1.264552997790059511e-03
2.751352035275802339e-04 2.751352035275812639e-04 5.100406261868222456e-04 1.132383595963928425e-03 1.132383595963928642e-03 1.263911130654885072e-03
2.785668471848999801e-04 2.785668471849020401e-04 5.176960703790982722e-04 1.130705581728699144e-03 1.130705581728699361e-03 1.263233611303571672e-03
2.819309411260957350e-04 2.819309411260966024e-04 5.253225254671049912e-04 1.129036057116601308e-03 1.129036057116601741e-03 1.262519333430315834e-03
2.852260393760114809e-04 2.852260393760129445e-04 5.329198725450637331e-04 1.127377448722806028e-03 1.127377448722806461e-03 1.261767202726913392e-03
2.884507627114842390e-04 2.884507627114849438e-04 5.404880003293834317e-04 1.125732178311853729e-03 1.125732178311853729e-03 1.260976139045993493e-03
2.916038043829061828e-04 2.916038043829067791e-04 5.480268045077207103e-04 1.124102654094681500e-03 1.124102654094681934e-03 1.260145078530101968e-03
2.946839357504188938e-04 2.946839357504201407e-04 5.555361870424314853e-04 1.122491261885620161e-03 1.122491261885620378e-03 1.259272975701902818e-03
2.976900117905955496e-04 2.976900117905960917e-04 5.630160554084244354e-04 1.120900356191896919e-03 1.120900356191896919e-03 1.258358805511976784e-03
3.006209764583262834e-04 3.006209764583267713e-04 5.704663218203552457e-04 1.119332251274490807e-03 1.119332251274491024e-03 1.257401565332284680e-03
3.034758678382808834e-04 3.034758678382815339e-04 5.778869023849537642e-04 1.117789212246840004e-03 1.117789212246840004e-03 1.256400276897560184e-03
3.062538230737020593e-04 3.062538230737025472e-04 5.852777162486546116e-04 1.116273446250929747e-03 1.116273446250930397e-03 1.255353988181257810e-03
3.089540830065462540e-04 3.089540830065472298e-04 5.926386846773226908e-04 1.114787093779763582e-03 1.114787093779763582e-03 1.254261775209806942e-03
3.115759965093543881e-04 3.115759965093550386e-04 5.999697301235746650e-04 1.113332220191025432e-03 1.113332220191025866e-03 1.253122743804099652e-03
3.141190244602840237e-04 3.141190244602852163e-04 6.072707752632184545e-04 1.111910807472647365e-03 1.111910807472647799e-03 1.251936031247033541e-03
3.165827433153628055e-04 3.165827433153632392e-04 6.145417419831284995e-04 1.110524746319917645e-03 1.110524746319917861e-03 1.250700807877487986e-03
3.189668482585394276e-04 3.189668482585403492e-04 6.217825503754410539e-04 1.109175828568755061e-03 1.109175828568755495e-03 1.249416278599774915e-03
3.212711558715517575e-04 3.212711558715527875e-04 6.289931176767906210e-04 1.107865740050807289e-03 1.107865740050807506e-03 1.248081684317011103e-03
3.234956063128792219e-04 3.234956063128801435e-04 6.361733572215543886e-04 1.106596053908763793e-03 1.106596053908764010e-03 1.246696303275741805e-03
3.256402649546846903e-04 3.256402649546854492e-04 6.433231773480548683e-04 1.105368224431920116e-03 1.105368224431920333e-03 1.245259452332302987e-03
3.277053234681998918e-04 3.277053234682011928e-04 6.504424803115667689e-04 1.104183581447156816e-03 1.104183581447157033e-03 1.243770488131607562e-03
3.296911003282684371e-04 3.296911003282697382e-04 6.575311611856087413e-04 1.103043325309943645e-03 1.103043325309943862e-03 1.242228808202441338e-03
3.315980407143122441e-04 3.315980407143131656e-04 6.645891067332842551e-04 1.101948522534409352e-03 1.101948522534409352e-03 1.240633851975316134e-03
3.334267158096601916e-04 3.334267158096612216e-04 6.716161943003293947e-04 1.100900102085145818e-03 1.100900102085146035e-03 1.238985101714337430e-03
3.351778214749295630e-04 3.351778214749305930e-04 6.786122906681383085e-04 1.099898852366027347e-03 1.099898852366027781e-03 1.237282083379916608e-03
3.368521763117088915e-04 3.368521763117094878e-04 6.855772509308466706e-04 1.098945418915470932e-03 1.098945418915471149e-03 1.235524367412006849e-03
3.384507191047286313e-04 3.384507191047303660e-04 6.925109173317103980e-04 1.098040302830846334e-03 1.098040302830846551e-03 1.233711569454073705e-03
3.399745056693146295e-04 3.399745056693153343e-04 6.994131181204877494e-04 1.097183859919728362e-03 1.097183859919728579e-03 1.231843351008685052e-03
3.414247051062024862e-04 3.414247051062029199e-04 7.062836663675161122e-04 1.096376300586775557e-03 1.096376300586775774e-03 1.229919420047759053e-03
3.428025954982828077e-04 3.428025954982829703e-04 7.131223587796142608e-04 1.095617690443456216e-03 1.095617690443456433e-03 1.227939531573836321e-03
3.441095590727470763e-04 3.441095590727486484e-04 7.199289744922458996e-04 1.094907951631119824e-03 1.094907951631120041e-03 1.225903488147610416e-03
3.453470768591895574e-04 3.453470768591903706e-04 7.267032738114231720e-04 1.094246864840703500e-03 1.094246864840703716e-03 1.223811140399863823e-03
3.465167228920386562e-04 3.465167228920398488e-04 7.334449969445984690e-04 1.093634071999626325e-03 1.093634071999626542e-03 1.221662387527474615e-03
3.476201579893079246e-04 3.476201579893085751e-04 7.401538626493610286e-04 1.093069079602411800e-03 1.093069079602411800e-03 1.219457177807556185e-03
3.486591231662647546e-04 3.486591231662654051e-04 7.468295668478032489e-04 1.092551262644468222e-03 1.092551262644468439e-03 1.217195509129166686e-03
3.496354327243216486e-04 3.496354327243220280e-04 7.534717811306979084e-04 1.092079869125575685e-03 1.092079869125576119e-03 1.214877429582580069e-03
3.505509670765266433e-04 3.505509670765279986e-04 7.600801511796116900e-04 1.091654025076205714e-03 1.091654025076205931e-03 1.212503038114985535e-03
3.514076653612235607e-04 3.514076653612246992e-04 7.666542950643075909e-04 1.091272740062885008e-03 1.091272740062885008e-03 1.210072485286264703e-03
3.522075178979772138e-04 3.522075178979786232e-04 7.731938013692592898e-04 1.090934913125341183e-03 1.090934913125341400e-03 1.207585974163944559e-03
3.529525585486441492e-04 3.529525585486447997e-04 7.796982271633714481e-04 1.090639339092739149e-03 1.090639339092739366e-03 1.205043761376982771e-03
3.536448570323923375e-04 3.536448570323931506e-04 7.861670957165353343e-04 1.090384715231356360e-03 1.090384715231357011e-03 1.202446158392357850e-03
3.542865112572533728e-04 3.542865112572538607e-04 7.925998939769693342e-04 1.090169648169248950e-03 1.090169648169249383e-03 1.199793533041125992e-03
3.548796397149293598e-04 3.548796397149296309e-04 7.989960696965377716e-04 1.089992661049418027e-03 1.089992661049418460e-03 1.197086311374380039e-03
3.554263739963914683e-04 3.554263739963927694e-04 8.053550281993006451e-04 1.089852200858796704e-03 1.089852200858797138e-03 1.194324979892442224e-03
3.559288514708402172e-04 3.559288514708405966e-04 8.116761286613331057e-04 1.089746645885937776e-03 1.089746645885937993e-03 1.191510088249124162e-03
3.563892081773525596e-04 3.563892081773533727e-04 8.179586798578961397e-04 1.089674313258749130e-03 1.089674313258749347e-03 1.188642252504619598e-03
3.568095719682889532e-04 3.568095719682894411e-04 8.242019352528532359e-04 1.089633466518028643e-03 1.089633466518028860e-03 1.185722159043861579e-03
3.571920559403234910e-04 3.571920559403246836e-04 8.304050872851230199e-04 1.089622323184355956e-03 1.089622323184356390e-03 1.182750569299103076e-03
3.575387521886053111e-04 3.575387521886062327e-04 8.365672607433821554e-04 1.089639062278461787e-03 1.089639062278462221e-03 1.179728325411737383e-03
3.578517259081666520e-04 3.578517259081674109e-04 8.426875049894546081e-04 1.089681831758977778e-03 1.089681831758977778e-03 1.176656357045979253e-03
3.581330098690940484e-04 3.581330098690949700e-04 8.487647848633202846e-04 1.089748755844280152e-03 1.089748755844280369e-03 1.173535689552880797e-03
3.583845992806234467e-04 3.583845992806238803e-04 8.547979699439544948e-04 1.089837942188493208e-03 1.089837942188493424e-03 1.170367453784580507e-03
3.586084470599853915e-04 3.586084470599857168e-04 8.607858218783373929e-04 1.089947488885382012e-03 1.089947488885382228e-03 1.167152897870218356e-03
3.588064595137026758e-04 3.588064595137034889e-04 8.667269793548377415e-04 1.090075491277118841e-03 1.090075491277119491e-03 1.163893401369488038e-03
3.589804924351506620e-04 3.589804924351512583e-04 8.726199402043987533e-04 1.090220048547703218e-03 1.090220048547703218e-03 1.160590492314514431e-03
3.591323476197402472e-04 3.591323476197419277e-04 8.784630400537695545e-04 1.090379270085354516e-03 1.090379270085354733e-03 1.157245867736192034e-03
3.592637697918073031e-04 3.592637697918078452e-04 8.842544267112250646e-04 1.090551281599291345e-03 1.090551281599291562e-03 1.153861418472044726e-03
3.593764439367748290e-04 3.593764439367752627e-04 8.899920293817497859e-04 1.090734230981616100e-03 1.090734230981616100e-03 1.150439259183040543e-03
3.594719930256673251e-04 3.594719930256680298e-04 8.956735214614520773e-04 1.090926293905037986e-03 1.090926293905038419e-03 1.146981764807613550e-03
3.595519761184409594e-04 3.595519761184411763e-04 9.012962754602651646e-04 1.091125679152638072e-03 1.091125679152638289e-03 1.143491614926316850e-03
3.596178868275375757e-04 3.596178868275384972e-04 9.068573081081409510e-04 1.091330633675057253e-03 1.091330633675057686e-03 1.139971847961916218e-03
3.596711521223621170e-04 3.596711521223630928e-04 9.123532132930428119e-04 1.091539447375436921e-03 1.091539447375436921e-03 1.136425927583234333e-03
3.597131314520691766e-04 3.597131314520695018e-04 9.177800797883046372e-04 1.091750457622486618e-03 1.091750457622487269e-03 1.132857824348500403e-03
3.597451161626647386e-04 3.597451161626650097e-04 9.231333899261536750e-04 1.091962053493521602e-03 1.091962053493521602e-03 1.129272116426694849e-03
3.597683291833007370e-04 3.597683291833010623e-04 9.284078944214163966e-04 1.092172679752827138e-03 1.092172679752827572e-03 1.125674114206380149e-03
3.597839249549233303e-04 3.597839249549236013e-04 9.335974572186346836e-04 1.092380840568547709e-03 1.092380840568547926e-03 1.122070014902533386e-03
3.597929895743451020e-04 3.597929895743455899e-04 9.386948628322268990e-04 1.092585102976001074e-03 1.092585102976001074e-03 1.118467094707794934e-03
3.597965411258614681e-04 3.597965411258620102e-04 9.436915768233493677e-04 1.092784100092352882e-03 1.092784100092353099e-03 1.114873947829524018e-03
3.597955301727893984e-04 3.597955301727901031e-04 9.485774482987545993e-04 1.092976534091480521e-03 1.092976534091480737e-03 1.111300783538947444e-03
3.597908403812355438e-04 3.597908403812357606e-04 9.533403416247149568e-04 1.093161178946155465e-03 1.093161178946155682e-03 1.107759794034007209e-03
3.597832892489474061e-04 3.597832892489478940e-04 9.579656838021567916e-04 1.093336882945047245e-03 1.093336882945047462e-03 1.104265606666472808e-03
3.597736289127539326e-04 3.597736289127549084e-04 9.624359155059363435e-04 1.093502570993968139e-03 1.093502570993968573e-03 1.100835832539017421e-03
3.597625470090294510e-04 3.597625470090301016e-04 9.667298400237194682e-04 1.093657246707811781e-03 1.093657246707811998e-03 1.097491717225892961e-03
3.597506675626712552e-04 3.597506675626719057e-04 9.708218799209791458e-04 1.093799994302679371e-03 1.093799994302679587e-03 1.094258883800694167e-03
3.597385518815173909e-04 3.597385518815177162e-04 9.746812828684616467e-04 1.091168126725156192e-03 1.093929980294331165e-03 1.093929980294331382e-03
3.597266994344490432e-04 3.597266994344494768e-04 9.782713756714177603e-04 1.088256157568048138e-03 1.094046455011626461e-03 1.094046455011627112e-03
3.597155486932297752e-04 3.597155486932298836e-04 9.815490587059118397e-04 1.085566110340951485e-03 1.094148753930509902e-03 1.094148753930509902e-03
3.597054779197369199e-04 3.597054779197373536e-04 9.844648634759493779e-04 1.083147483742836169e-03 1.094236298835813683e-03 1.094236298835813900e-03
3.596968058822467380e-04 3.596968058822474427e-04 9.869640370797345789e-04 1.081055056522084142e-03 1.094308598816100221e-03 1.094308598816100221e-03
3.596897924863866314e-04 3.596897924863873362e-04 9.889891849945964784e-04 1.079346244545439796e-03 1.094365251096445207e-03 1.094365251096445640e-03
3.596846393083862124e-04 3.596846393083862666e-04 9.904848406026935982e-04 1.078076531154690621e-03 1.094405941714040849e-03 1.094405941714041066e-03
3.596814900205186154e-04 3.596814900205188865e-04 9.914037692985372754e-04 1.077293162966379975e-03 1.094430446039616235e-03 1.094430446039616235e-03
3.596804307006909039e-04 3.596804307006917171e-04 9.917138815958425214e-04 1.077028236699818222e-03 1.094438629148017416e-03 1.094438629148017416e-03
3.597267667181408991e-04 3.597549742807302012e-04 9.916255572198931587e-04 1.076892254595829528e-03 1.094506303350305460e-03 1.094507054278268934e-03
3.598656643534769192e-04 3.599784264047491849e-04 9.913614125649360554e-04 1.076490882436086484e-03 1.094705840415745529e-03 1.094708524810470264e-03
3.600967929017912786e-04 3.603502524477255969e-04 9.909238966091993197e-04 1.075841822919487451e-03 1.095017539604390897e-03 1.095042926464065685e-03
3.604196030004038474e-04 3.608695654212738108e-04 9.903169733639642820e-04 1.074969137256646208e-03 1.095418515099641239e-03 1.095505680867842882e-03
3.608333293227158184e-04 3.615351319768219545e-04 9.895459581916580573e-04 1.073898299218378804e-03 1.095883887294151100e-03 1.096091663816318095e-03
3.613369942981914406e-04 3.623453806535872380e-04 9.886173117763339280e-04 1.072652814891057304e-03 1.096390913833404602e-03 1.096794660377768422e-03
3.619294128127191587e-04 3.632984122274578610e-04 9.875384099888946578e-04 1.071252677854962016e-03 1.096920534299220028e-03 1.097607595009670450e-03
3.626091978252073979e-04 3.643920119715617664e-04 9.863173076059821454e-04 1.069714113671810284e-03 1.097457625558003651e-03 1.098522767821245600e-03
3.633747668321519976e-04 3.656236636204506169e-04 9.849625113664878164e-04 1.068049975711881684e-03 1.097990605743204588e-03 1.099532081496632429e-03
3.642243490989055055e-04 3.669905647995385539e-04 9.834827740643346979e-04 1.066270359784526195e-03 1.098510819412473879e-03 1.100627247181280291e-03
3.651559935667986960e-04 3.684896436607015629e-04 9.818869171378872933e-04 1.064383217186718822e-03 1.099011924272544133e-03 1.101799961873428007e-03
3.661675773482395081e-04 3.701175764676402726e-04 9.801836852293538665e-04 1.062394880638597343e-03 1.099489364998299098e-03 1.103042053845698124e-03
3.672568147045686144e-04 3.718708058479842102e-04 9.783816329631369376e-04 1.060310485082497896e-03 1.099939952185328713e-03 1.104345595852216375e-03
3.684212664153792478e-04 3.737455594560116080e-04 9.764890418303074282e-04 1.058134292842407946e-03 1.100361536931654090e-03 1.105702988231167545e-03
3.696583494300738825e-04 3.757378687678554095e-04 9.745138636594993711e-04 1.055869940747365069e-03 1.100752763464525304e-03 1.107107015427392189e-03
3.709653467128339087e-04 3.778435877731026985e-04 9.724636864432627086e-04 1.053520626732337099e-03 1.101112882290222013e-03 1.108550880162034215e-03
3.723394171750902225e-04 3.800584113097709772e-04 9.703457182076364370e-04 1.051089250699969307e-03 1.101441609105617819e-03 1.110028219566390993e-03
3.737776056125027965e-04 3.823778928382708608e-04 9.681667848426998499e-04 1.048578521186760296e-03 1.101739017922578803e-03 1.111533107358266643e-03
3.752768525575486637e-04 3.847974614526233276e-04 9.659333383029551851e-04 1.045991036573177884e-03 1.102005459677999309e-03 1.113060045652818682e-03
3.768340039639582213e-04 3.873124379475945925e-04 9.636514721507265496e-04 1.043329347331414022e-03 1.102241499851081214e-03 1.114603949435850937e-03
3.784458206617509436e-04 3.899180498084789045e-04 9.613269419639824866e-04 1.040596004075275459e-03 1.102447870315615905e-03 1.116160126171541036e-03
3.801089875060565683e-04 3.926094449760472553e-04 9.589651886942014225e-04 1.037793594958039611e-03 1.102625431910657068e-03 1.117724252462888113e-03
3.818201221788593150e-04 3.953817043071660700e-04 9.565713634811045087e-04 1.034924774996146902e-03 1.102775145138389654e-03 1.119292349248177500e-03
3.835757835835267721e-04 3.982298526291130902e-04 9.541503528579466011e-04 1.031992289274261685e-03 1.102898047064310725e-03 1.120860756602436734e-03
3.853724798067522002e-04 4.011488683491626372e-04 9.517068035555122487e-04 1.028998991455241626e-03 1.102995232986069300e-03 1.122426108925084166e-03
3.872066756156773010e-04 4.041336915760605666e-04 9.492451463803923276e-04 1.025947858688473118e-03 1.103067841791599427e-03 1.123985311034025230e-03
3.890747994659254764e-04 4.071792307276501737e-04 9.467696188304490978e-04 1.022842003748713298e-03 1.103117044189366389e-03 1.125535515498442968e-03
3.909732500234265216e-04 4.102803676467174946e-04 9.442842862250062485e-04 1.019684685012211102e-03 1.103144033187442941e-03 1.127074101417498576e-03
3.928984021822795906e-04 4.134319612163067106e-04 9.417930612674902269e-04 1.016479314779304439e-03 1.103150016340744086e-03 1.128598654724786076e-03
3.948466126020469102e-04 4.166288495349737228e-04 9.392997219853648242e-04 1.013229466286844462e-03 1.103136209394712077e-03 1.130106950053311058e-03
3.968142247614694722e-04 4.198658506708343981e-04 9.368079280856188859e-04 1.009938879725372565e-03 1.103103831034636965e-03 1.131596934117636661e-03
3.987975735673621679e-04 4.231377620833635077e-04 9.343212357500326696e-04 1.006611467451364646e-03 1.103054098512401809e-03 1.133066710564687883e-03
4.007929895296877569e-04 4.264393587579843941e-04 9.318431109574852947e-04 1.003251318588874825e-03 1.102988223970436440e-03 1.134514526197255352e-03
4.027968025508901350e-04 4.297653901618479007e-04 9.293769413901274050e-04 9.998627031191002854e-04 1.102907411319685536e-03 1.135938758487014697e-03
4.048053453639101026e-04 4.331105761100256845e-04 9.269260470078430477e-04 9.964500755511968792e-04 1.102812853557711380e-03 1.137337904274132771e-03
4.068149566580703865e-04 4.364696016436071520e-04 9.244936893734482727e-04 9.930180782355389497e-04 1.102705730436519260e-03 1.138710569550827533e-03
4.088219839566215518e-04 4.398371110682630365e-04 9.220830797820106159e-04 9.895715443166556210e-04 1.102587206407067361e-03 1.140055460242888133e-03
4.108227862817536054e-04 4.432077012634226976e-04 9.196973862801174036e-04 9.861155003491046782e-04 1.102458428783699472e-03 1.141371373885586736e-03
4.128137366821081579e-04 4.465759144481990200e-04 9.173397396098109842e-04 9.826551685109066476e-04 1.102320526081836029e-03 1.142657192120942250e-03
4.147912246646746339e-04 4.499362305478003159e-04 9.150132381473554625e-04 9.791959683832834795e-04 1.102174606493944945e-03 1.143911873925338189e-03
4.167516586068512204e-04 4.532830593771251413e-04 9.127209518609668941e-04 9.757435181827606423e-04 1.102021756474819321e-03 1.145134449504376772e-03
4.186914682058077357e-04 4.566107328460582864e-04 9.104659253283735538e-04 9.723036353373257093e-04 1.101863039414820384e-03 1.146324014784856063e-03
4.206071070230866615e-04 4.599134974144009004e-04 9.082511798477675398e-04 9.688823362685854710e-04 1.101699494385209891e-03 1.147479726440650549e-03
4.224950552014398271e-04 4.631855070824425144e-04 9.060797146476182737e-04 9.654858351768765262e-04 1.101532134942418036e-03 1.148600797406911607e-03
4.243518223988143622e-04 4.664208171766805406e-04 9.039545072320585460e-04 9.621205416494475271e-04 1.101361947984126448e-03 1.149686492823447006e-03
4.261739510166976980e-04 4.696133792766317124e-04 9.018785128551877342e-04 9.587930568186678196e-04 1.101189892650022289e-03 1.150736126374115025e-03
4.279580197622795249e-04 4.727570375962828310e-04 8.998546631552779319e-04 9.555101678276740852e-04 1.101016899265355991e-03 1.151749056972904998e-03
4.297006476135593867e-04 4.758455272189150861e-04 8.978858639400831695e-04 9.522788402695865281e-04 1.100843868324198139e-03 1.152724685771599382e-03
4.313984982180928043e-04 4.788724745500228452e-04 8.959749921526955147e-04 9.491062082993736429e-04 1.100671669513719753e-03 1.153662453448491172e-03
4.330482847782249865e-04 4.818314004226167784e-04 8.941248920166283611e-04 9.459995620425830408e-04 1.100501140779152698e-03 1.154561837757650490e-03
4.346467754494040829e-04 4.847157262691981932e-04 8.923383703832540219e-04 9.429663319435871438e-04 1.100333087431535316e-03 1.155422351310737795e-03
4.361907992698562287e-04 4.875187837783079791e-04 8.906181913086075493e-04 9.400140696897859270e-04 1.100168281300829094e-03 1.156243539566904769e-03
4.376772526451954857e-04 4.902338284714838736e-04 8.889670698755958167e-04 9.371504253262029523e-04 1.100007459935585996e-03 1.157024979017260910e-03
4.391031063743378732e-04 4.928540575636552665e-04 8.873876653141732265e-04 9.343831202477269251e-04 1.099851325853089734e-03 1.157766275538753015e-03
4.404654132183002534e-04 4.953726324740455756e-04 8.858825734501091752e-04 9.317199157471974880e-04 1.099700545840868928e-03 1.158467062909298694e-03
4.417613159727034472e-04 4.977827062356430989e-04 8.844543185536219701e-04 9.291685769169911405e-04 1.099555750313187773e-03 1.159127001463309756e-03
4.429880560139792703e-04 5.000774559988058025e-04 8.831053446441685870e-04 9.267368317496430625e-04 1.099417532723256019e-03 1.159745776880695411e-03
4.441429822597109237e-04 5.022501206741670403e-04 8.818380063361192607e-04 9.244323254327743581e-04 1.099286449033152558e-03 1.160323099095952144e-03
4.452235604703498346e-04 5.042940436111515486e-04 8.806545593201806944e-04 9.222625699800996585e-04 1.099163017242855804e-03 1.160858701316097065e-03
4.462273828165818691e-04 5.062027200519870866e-04 8.795571505747311726e-04 9.202348894932174976e-04 1.099047716978009430e-03 1.161352339142989994e-03
4.471521776047781920e-04 5.079698488657911773e-04 8.785478084324425474e-04 9.183563615839569500e-04 1.098940989137630600e-03 1.161803789787362127e-03
4.479958190606237638e-04 5.095893878880974719e-04 8.776284326156178969e-04 9.166337556616810465e-04 1.098843235600180596e-03 1.162212851372652206e-03
4.487563370417349865e-04 5.110556119321448812e-04 8.768007843825419449e-04 9.150734690488202634e-04 1.098754818988093886e-03 1.162579342318257681e-03
4.494319265594485515e-04 5.123631723541014231e-04 8.760664769140457959e-04 9.136814620674979341e-04 1.098676062488329001e-03 1.162903100801101477e-03
4.500209569685565130e-04 5.135071568270785196e-04 8.754269660902945721e-04 9.124631934669408945e-04 1.098607249727920343e-03 1.163183984287383945e-03
4.505219806946957582e-04 5.144831478436460038e-04 8.748835417937824918e-04 9.114235576922259142e-04 1.098548624701510979e-03 1.163421869133438600e-03
4.509337413613764638e-04 5.152872783418389587e-04 8.744373198811638105e-04 9.105668256181473309e-04 1.098500391748502428e-03 1.163616650251045629e-03
4.512551811850333008e-04 5.159162828117428269e-04 8.740892349582714662e-04 9.098965904068920946e-04 1.098462715576897569e-03 1.163768240834055527e-03
4.514854475183574458e-04 5.163675422835979070e-04 8.738400340788772752e-04 9.094157201010947536e-04 1.098435721330205022e-03 1.163876572145518999e-03
4.516238984269517671e-04 5.166391217051864541e-04 8.736902714820653356e-04 9.091263184549193454e-04 1.098419494694351456e-03 1.163941593361834644e-03
4.516701072054627591e-04 5.167297984319971184e-04 8.736403044601427159e-04 9.090296952862757110e-04 1.098414082040668344e-03 1.163963271473933241e-03
4.516452601870227278e-04 5.166978985565900181e-04 8.734076725193431470e-04 9.092506389960309035e-04 1.098414916447182713e-03 1.163973208530922569e-03
4.514937306190701491e-04 5.165313976632226415e-04 8.727279579350929106e-04 9.098959583554298196e-04 1.098450766378899525e-03 1.164032634401711026e-03
4.512149852942101192e-04 5.162314200254183340e-04 8.716484543182858322e-04 9.109199874281699886e-04 1.098521430343775678e-03 1.164141001437843815e-03
4.508083352683449037e-04 5.157998943335956234e-04 8.702318893349544849e-04 9.122624649031300459e-04 1.098626692499116327e-03 1.164297322082540010e-03
4.502728691250279026e-04 5.152395552819452260e-04 8.685435185454535873e-04 9.138614550697137613e-04 1.098766327598778986e-03 1.164500172714950368e-03
4.496073715195140260e-04 5.145539370387991517e-04 8.666430243730208031e-04 9.156614696944119589e-04 1.098940104702266461e-03 1.164747701333591293e-03
4.488102351991832707e-04 5.137473524742627211e-04 8.645813729770958312e-04 9.176166369603664004e-04 1.099147789528961711e-03 1.165037639157600171e-03
4.478793764597371213e-04 5.128248508371744188e-04 8.624008041534551253e-04 9.196907409571150258e-04 1.099389145408276661e-03 1.165367316147338612e-03
4.468121653683424367e-04 5.117921457592193189e-04 8.601362030800140199e-04 9.218558811664145361e-04 1.099663932847740966e-03 1.165733680370980435e-03
4.456053828805475389e-04 5.106555052629260577e-04 8.578168039694674578e-04 9.240907997899406798e-04 1.099971907803631681e-03 1.166133321063525779e-03
4.442552169035191337e-04 5.094215961176757571e-04 8.554677546000921022e-04 9.263793454798773062e-04 1.100312818793015368e-03 1.166562495149283448e-03
4.427573080869843126e-04 5.080972767154047108e-04 8.531113931506383854e-04 9.287092191899504797e-04 1.100686403032661090e-03 1.167017156935570453e-03
4.411068534162399944e-04 5.066893359382401707e-04 8.507682307897593841e-04 9.310710054473669535e-04 1.101092381815666236e-03 1.167492990621490445e-03
4.392987713103533361e-04 5.052041803258058112e-04 8.484576815775296023e-04 9.334574438528358371e-04 1.101530455359055020e-03 1.167985445227066659e-03
4.373279260895510698e-04 5.036474781646950926e-04 8.461985888809958785e-04 9.358628876201742800e-04 1.102000297352568464e-03 1.168489771506681443e-03
4.351894027488015910e-04 5.020237762958663355e-04 8.440095906879619249e-04 9.382829025028901560e-04 1.102501549437645209e-03 1.169001060398699955e-03
4.328788159809381845e-04 5.003361126015296511e-04 8.419093562409136729e-04 9.407139692550162309e-04 1.103033815820007911e-03 1.169514282546533449e-03
4.303926314531648033e-04 4.985856528832002593e-04 8.399167172596079490e-04 9.431532619522300497e-04 1.103596658200658347e-03 1.170024328437785626e-03
4.277284738764454029e-04 4.967713838730664902e-04 8.380507099901403703e-04 9.455984818158175717e-04 1.104189591175070480e-03 1.170526048716965650e-03
4.248853963675158036e-04 4.948898932914400431e-04 8.363305394117156360e-04 9.480477317175083464e-04 1.104812078215999154e-03 1.171014294249858589e-03
4.218640893010527568e-04 4.929352627667407758e-04 8.347754739152293824e-04 9.504994206201931297e-04 1.105463528326729910e-03 1.171483955552524549e-03
4.186670138349275695e-04 4.908990906406408708e-04 8.334046774046546596e-04 9.529521900982481980e-04 1.106143293408349019e-03 1.171930001225477682e-03
4.152984540678923155e-04 4.887706504123349094e-04 8.322369856682296316e-04 9.554048572305642861e-04 1.106850666363621118e-03 1.172347515082099384e-03
4.117644908056737824e-04 4.865371787652077087e-04 8.312906348685914458e-04 9.578563696312543006e-04 1.107584879919667944e-03 1.172731731694355269e-03
4.080729073279384684e-04 4.841842764107433315e-04 8.305829517024402274e-04 9.603057695172716830e-04 1.108345106136342717e-03 1.173078070130445429e-03
4.042330424504854999e-04 4.816963968152114311e-04 8.301300169425818816e-04 9.627521644837455130e-04 1.109130456538696876e-03 1.173382165698879254e-03
4.002556081157865363e-04 4.790573928310618056e-04 8.299463162570256932e-04 9.651947032401802292e-04 1.109939982792843092e-03 1.173639899558468272e-03
3.961524880417851375e-04 4.762510893515614326e-04 8.300443940132205389e-04 9.676325550141796428e-04 1.110772677837430387e-03 1.173847426099821007e-03
3.919365315221706877e-04 4.732618510353974210e-04 8.304345268318651455e-04 9.700648916093400440e-04 1.111627477358688616e-03 1.174001198040311835e-03
3.876213529655037700e-04 4.700751171699620208e-04 8.311244335992232918e-04 9.724908713868446334e-04 1.112503261502468480e-03 1.174097989218426388e-03
3.832211442420951518e-04 4.666778804370961447e-04 8.321190372994514842e-04 9.749096245773426848e-04 1.113398856695633956e-03 1.174134915105509670e-03
3.787505036292266648e-04 4.630590919704307144e-04 8.334202913705573198e-04 9.773202395134499270e-04 1.114313037460709687e-03 1.174109451089493453e-03
3.742242826935813127e-04 4.592099813736316921e-04 8.350270794868644778e-04 9.797217494391338190e-04 1.115244528090750644e-03 1.174019448613082333e-03
3.696574506037876963e-04 4.551242866328891919e-04 8.369351931290304773e-04 9.821131196785951121e-04 1.116192004065996680e-03 1.173863149277116309e-03
3.650649743191162317e-04 4.507983948534406097e-04 8.391373864702598735e-04 9.844932349958111350e-04 1.117154093088084093e-03 1.173639197042065365e-03
3.604617125677498854e-04 4.462313999649605693e-04 8.416235035249662990e-04 9.868608870383993245e-04 1.118129375612404719e-03 1.173346648681781491e-03
3.558623213547454150e-04 4.414250876210625420e-04 8.443806686706505776e-04 9.892147618385967438e-04 1.119116384776751121e-03 1.172984982657281029e-03
3.512811689550646198e-04 4.363838604137475056e-04 8.473935288128308686e-04 9.915534273574138323e-04 1.120113605620070424e-03 1.172554106593803143e-03
3.467322585669251815e-04 4.311146179113267804e-04 8.506445339112097409e-04 9.938753211489823741e-04 1.121119473517112521e-03 1.172054363547389306e-03
3.422291572633447002e-04 4.256266063043338539e-04 8.541142421421001009e-04 9.961787382266973443e-04 1.122132371756107095e-03 1.171486537255951111e-03
3.377849302104639849e-04 4.199312514891000137e-04 8.577816366561391093e-04 9.984618192956558076e-04 1.123150628226195517e-03 1.170851856561509318e-03
3.334120795590595344e-04 4.140419877949833710e-04 8.616244422860967062e-04 1.000722539536187325e-03 1.124172511201133829e-03 1.170151999185032807e-03
3.291224877737111763e-04 4.079740924024603788e-04 8.656194324706816424e-04 1.002958698164844271e-03 1.125196224241613524e-03 1.169389095020705992e-03
3.249273654351918466e-04 4.017445330612621720e-04 8.697427188316044378e-04 1.005167909058680932e-03 1.126219900291679015e-03 1.168565729084294989e-03
3.208372038851619863e-04 3.953718344418598947e-04 8.739700179002474287e-04 1.007347592723551247e-03 1.127241595078586631e-03 1.167684944225493146e-03
3.168617332150763148e-04 3.888759661437673175e-04 8.782768915031255452e-04 1.009494969949757117e-03 1.128259280000879850e-03 1.166750243652120433e-03
3.130098863325125359e-04 3.822782535476070107e-04 8.826389589104377499e-04 1.011607057469397818e-03 1.129270834734298319e-03 1.165765593263749138e-03
3.092897698605729957e-04 3.756013109191573204e-04 8.870320802834673205e-04 1.013680665967674546e-03 1.130274039871956120e-03 1.164735423693342205e-03
3.057086427382432379e-04 3.688689948907329544e-04 8.914325119309693488e-04 1.015712400744482082e-03 1.131266569967687543e-03 1.163664631865770878e-03
3.022729033092301726e-04 3.621063751649612229e-04 8.958170347349645032e-04 1.017698665323536972e-03 1.132245987437331810e-03 1.162558581735517564e-03
2.989880856530243098e-04 3.553397183327428781e-04 9.001630576298492916e-04 1.019635668236366921e-03 1.133209737826942811e-03 1.161423103714452794e-03
2.958588657812999769e-04 3.485964797754830761e-04 9.044486984272033037e-04 1.021519433148702482e-03 1.134155147010628686e-03 1.160264492109458262e-03
2.928890781136027246e-04 3.419052976704149423e-04 9.086528446259540572e-04 1.023345812448284153e-03 1.135079420926739203e-03 1.159089499654255553e-03
2.900817424791141911e-04 3.352959823420880933e-04 9.127551970201852258e-04 1.025110504315618429e-03 1.135979648458457789e-03 1.157905327984273727e-03
2.874391015805899245e-04 3.287994931872783503e-04 9.167362992013184785e-04 1.026809073277815294e-03 1.136852808064195463e-03 1.156719612607020513e-03
2.849626686342784650e-04 3.224478946340765756e-04 9.205775561606941099e-04 1.028436974179356518e-03 1.137695778692633577e-03 1.155540400656735909e-03
2.826532845645477669e-04 3.162742816768726508e-04 9.242612454219390709e-04 1.029989579532096609e-03 1.138505355437617649e-03 1.154376119433472804e-03
2.805111838754928465e-04 3.103126649712860223e-04 9.277705241964637585e-04 1.031462210226942976e-03 1.139278270242257037e-03 1.153235533517380515e-03
2.785360680467562902e-04 3.045978052038178312e-04 9.310894360779751241e-04 1.032850169667529463e-03 1.140011217784490547e-03 1.152127688123971618e-03
2.767271850358568575e-04 2.991649867098285730e-04 9.342029207133065649e-04 1.034148781502422379e-03 1.140700886469984141e-03 1.151061836386779377e-03
2.750834132976870037e-04 2.940497215774871636e-04 9.370968295360984504e-04 1.035353431209264184e-03 1.141343994204094226e-03 1.150047348531558827e-03
2.736033485360000583e-04 2.892873776725859644e-04 9.397579501914909679e-04 1.036459611867116644e-03 1.141937328370656391e-03 1.149093601447326741e-03
2.722853913295423243e-04 2.849127277948980365e-04 9.421740414528881552e-04 1.037462974390218748e-03 1.142477789174737527e-03 1.148209848105510378e-03
2.711278336931667154e-04 2.809594222622947965e-04 9.443338794705329661e-04 1.038359382328355373e-03 1.142962435277342786e-03 1.147405067586438395e-03
2.701289426673409550e-04 2.774593939248637311e-04 9.462273149211262915e-04 1.039144970932052298e-03 1.143388530431812796e-03 1.146687798199815889e-03
2.692870390648020645e-04 2.744422122340545622e-04 9.478453393307014526e-04 1.039816209604290569e-03 1.143753589684305899e-03 1.146065958171254943e-03
2.686005696260678009e-04 2.719344111155798274e-04 9.491801574883792060e-04 1.040369966085576527e-03 1.144055423602153296e-03 1.145546660483917232e-03
2.680681709835894787e-04 2.699588227983706077e-04 9.502252617207373846e-04 1.040803569888042656e-03 1.144292178976953145e-03 1.145136030403302646e-03
2.676887240165456939e-04 2.685339552142751896e-04 9.509755030005089286e-04 1.041114871751726246e-03 1.144462374513106895e-03 1.144839035648201981e-03
2.674613974083868851e-04 2.676734529077299933e-04 9.514271535295844686e-04 1.041302295411347320e-03 1.144564930147683960e-03 1.144659339779375120e-03
2.673856794510795758e-04 2.673856794510799553e-04 9.515779557394883105e-04 1.041364877936771160e-03 1.144599188865715435e-03 1.144599188865715435e-03
2.673831819661065144e-04 2.673831819661074360e-04 9.514007355674399978e-04 1.041519145490639149e-03 1.144597468949123693e-03 1.144597468949123910e-03
2.673756766950706183e-04 2.673756766950713230e-04 9.508727076077636833e-04 1.041978310797891374e-03 1.144592317882205199e-03 1.144592317882205416e-03
2.673631252158879595e-04 2.673631252158882306e-04 9.500043839567365832e-04 1.042731847377504836e-03 1.144583761695159435e-03 1.144583761695159435e-03
2.673454635791848010e-04 2.673454635791861021e-04 9.488120911709488781e-04 1.043763404727342421e-03 1.144571843710391742e-03 1.144571843710391742e-03
2.673226024393221285e-04 2.673226024393231585e-04 9.473164634178438343e-04 1.045052315217665645e-03 1.144556624450762498e-03 1.144556624450762498e-03
2.672944272373466894e-04 2.672944272373472315e-04 9.455407883564903625e-04 1.046575248271159383e-03 1.144538181511258563e-03 1.144538181511258563e-03
2.672607984356431348e-04 2.672607984356434600e-04 9.435094645416501917e-04 1.048307753037410047e-03 1.144516609394364334e-03 1.144516609394364550e-03
2.672215518037492272e-04 2.672215518037500946e-04 9.412467375483621942e-04 1.050225522364368023e-03 1.144492019309358358e-03 1.144492019309358575e-03
2.671764987546126338e-04 2.671764987546134469e-04 9.387757812150922731e-04 1.052305311667138836e-03 1.144464538935725242e-03 1.144464538935725242e-03
2.671254267308795292e-04 2.671254267308799629e-04 9.361181125720191955e-04 1.054525524130274722e-03 1.144434312151254660e-03 1.144434312151254660e-03
2.670680996400384873e-04 2.670680996400391378e-04 9.332932847573296650e-04 1.056866517936872916e-03 1.144401498724965374e-03 1.144401498724965591e-03
2.670042583378518636e-04 2.670042583378522431e-04 9.303187871334634091e-04 1.059310706315471327e-03 1.144366273975559213e-03 1.144366273975559647e-03
2.669336211589724167e-04 2.669336211589735551e-04 9.272100852974130480e-04 1.061842517709431439e-03 1.144328828395849325e-03 1.144328828395849325e-03
2.668558844933927856e-04 2.668558844933932193e-04 9.239807459828850832e-04 1.064448271068705850e-03 1.144289367243617834e-03 1.144289367243618051e-03
2.667707234079193918e-04 2.667707234079204760e-04 9.206426062871305794e-04 1.067116006834243572e-03 1.144248110099791100e-03 1.144248110099791316e-03
2.666777923112579381e-04 2.666777923112579923e-04 9.172059595967151698e-04 1.069835301239132046e-03 1.144205290394524101e-03 1.144205290394524318e-03
2.665767256609261277e-04 2.665767256609267240e-04 9.136797407961324766e-04 1.072597081339528432e-03 1.144161154901831472e-03 1.144161154901831906e-03
2.664671387113422122e-04 2.664671387113426459e-04 9.100717007591386859e-04 1.075393450781250660e-03 1.144115963203962139e-03 1.144115963203962355e-03
2.663486283005262628e-04 2.663486283005274012e-04 9.063885650383189186e-04 1.078217531378672205e-03 1.144069987125989184e-03 1.144069987125989184e-03
2.662207736746183577e-04 2.662207736746186829e-04 9.026361749064513648e-04 1.081063322358312298e-03 1.144023510141951991e-03 1.144023510141952207e-03
2.660831373481938739e-04 2.660831373481946328e-04 8.988196107592842134e-04 1.083925577254862306e-03 1.143976826753470913e-03 1.143976826753471130e-03
2.659352659980457681e-04 2.659352659980459307e-04 8.949432989340277457e-04 1.086799697401340074e-03 1.143930241841756290e-03 1.143930241841756507e-03
2.657766913897294963e-04 2.657766913897296589e-04 8.910111035487468722e-04 1.089681640415916808e-03 1.143884069994618351e-03 1.143884069994618351e-03
2.656069313334693746e-04 2.656069313334697541e-04 8.870264050688085340e-04 1.092567841968836249e-03 1.143838634809236747e-03 1.143838634809236964e-03
2.654254906686135014e-04 2.654254906686142061e-04 8.829921673634015446e-04 1.095455149074358713e-03 1.143794268172425516e-03 1.143794268172425733e-03
2.652318622741527371e-04 2.652318622741531165e-04 8.789109948515451106e-04 1.098340763304744882e-03 1.143751309519617327e-03 1.143751309519617761e-03
2.650255281023807864e-04 2.650255281023817622e-04 8.747851811721812009e-04 1.101222192486754625e-03 1.143710105073886263e-03 1.143710105073886697e-03
2.648059602351763762e-04 2.648059602351774061e-04 8.706167506857089618e-04 1.104097209583069063e-03 1.143671007066921234e-03 1.143671007066921451e-03
2.645726219585734841e-04 2.645726219585742972e-04 8.664074938633883633e-04 1.106963817689169500e-03 1.143634372943105578e-03 1.143634372943106228e-03
2.643249688550492198e-04 2.643249688550497077e-04 8.621589975398008922e-04 1.109820220180476359e-03 1.143600564548743516e-03 1.143600564548744166e-03
2.640624499105314856e-04 2.640624499105320277e-04 8.578726708117714482e-04 1.112664795221868794e-03 1.143569947307999501e-03 1.143569947307999718e-03
2.637845086327712980e-04 2.637845086327722738e-04 8.535497672421979388e-04 1.115496073975307326e-03 1.143542889387255028e-03 1.143542889387255028e-03
2.634905841808450415e-04 2.634905841808456921e-04 8.491914039731618966e-04 1.118312721912997475e-03 1.143519760850011426e-03 1.143519760850011859e-03
2.631801125005687136e-04 2.631801125005692557e-04 8.447985781804112203e-04 1.121113522788379831e-03 1.143500932803936943e-03 1.143500932803937159e-03
2.628525274656543756e-04 2.628525274656549177e-04 8.403721813071097710e-04 1.123897364839112484e-03 1.143486776542270138e-03 1.143486776542270138e-03
2.625072620212472955e-04 2.625072620212480002e-04 8.359130113985242458e-04 1.126663228895022481e-03 1.143477662681473880e-03 1.143477662681474313e-03
2.621437493261142876e-04 2.621437493261156971e-04 8.314217838062368682e-04 1.129410178116288825e-03 1.143473960297176949e-03 1.143473960297177166e-03
2.617614238930334705e-04 2.617614238930343921e-04 8.268991405274199675e-04 1.132137349105984646e-03 1.143476036060583163e-03 1.143476036060583597e-03
2.613597227238707290e-04 2.613597227238715422e-04 8.223456583658657728e-04 1.134843944204929700e-03 1.143484253377397356e-03 1.143484253377397572e-03
2.609380864353447226e-04 2.609380864353456984e-04 8.177618560676977065e-04 1.137529224808599441e-03 1.143498971531463956e-03 1.143498971531463956e-03
2.604959603763410260e-04 2.604959603763418933e-04 8.131482006140675414e-04 1.140192505539108780e-03 1.143520544835237556e-03 1.143520544835238207e-03
2.600327957300566008e-04 2.600327957300582271e-04 8.085051127441211663e-04 1.142833149179051056e-03 1.143549321789352107e-03 1.143549321789352324e-03
2.595480506020059999e-04 2.595480506020062710e-04 8.038329718504378914e-04 1.143585644253390134e-03 1.143585644253390567e-03 1.145450562240591221e-03
2.590411910901008305e-04 2.590411910901016437e-04 7.991321203183351886e-04 1.143629846630017351e-03 1.143629846630017785e-03 1.148044191091614511e-03
2.585116923325226431e-04 2.585116923325236730e-04 7.944028673666796072e-04 1.143682255064841892e-03 1.143682255064842109e-03 1.150613518573065982e-03
2.579590395352929417e-04 2.579590395352935380e-04 7.896454924943274983e-04 1.143743186663791211e-03 1.143743186663791428e-03 1.153158061020929676e-03
2.573827289719496543e-04 2.573827289719498169e-04 7.848602485372168118e-04 1.143812948730577950e-03 1.143812948730578167e-03 1.155677365665195525e-03
2.567822689574572126e-04 2.567822689574576463e-04 7.800473644234531866e-04 1.143891838025935500e-03 1.143891838025935933e-03 1.158171008336320506e-03
2.561571807925530414e-04 2.561571807925533666e-04 7.752070476499754162e-04 1.143980140050763475e-03 1.143980140050763691e-03 1.160638591447933675e-03
2.555069996740382270e-04 2.555069996740386607e-04 7.703394864980505968e-04 1.144078128355505023e-03 1.144078128355505456e-03 1.163079742229380627e-03
2.548312755743761576e-04 2.548312755743770792e-04 7.654448520591563025e-04 1.144186063876928431e-03 1.144186063876928647e-03 1.165494111156450572e-03
2.541295740820886354e-04 2.541295740820891775e-04 7.605233000462024388e-04 1.144304194305072100e-03 1.144304194305072317e-03 1.167881370579959251e-03
2.534014772065865790e-04 2.534014772065876090e-04 7.555749724543422714e-04 1.144432753481303307e-03 1.144432753481303307e-03 1.170241213508132865e-03
2.526465841436640290e-04 2.526465841436652216e-04 7.505999990737691500e-04 1.144571960829413038e-03 1.144571960829413471e-03 1.172573352531821548e-03
2.518645119975128268e-04 2.518645119975133147e-04 7.455984988554097657e-04 1.144722020821783461e-03 1.144722020821783894e-03 1.174877518882543005e-03
2.510548964623031116e-04 2.510548964623034369e-04 7.405705811749442894e-04 1.144883122481269886e-03 1.144883122481270103e-03 1.177153461593551803e-03
2.502173924598903847e-04 2.502173924598909810e-04 7.355163469924512346e-04 1.145055438920459081e-03 1.145055438920459297e-03 1.179400946758409887e-03
2.493516747293185107e-04 2.493516747293197575e-04 7.304358899009413299e-04 1.145239126920159648e-03 1.145239126920159865e-03 1.181619756883187274e-03
2.484574383742070482e-04 2.484574383742078072e-04 7.253292971172716841e-04 1.145434326546748054e-03 1.145434326546748271e-03 1.183809690302534178e-03
2.475343993583339918e-04 2.475343993583352929e-04 7.201966503711065663e-04 1.145641160811107463e-03 1.145641160811107680e-03 1.185970560674134673e-03
2.465822949559162095e-04 2.465822949559167516e-04 7.150380267433202120e-04 1.145859735368445981e-03 1.145859735368446198e-03 1.188102196524191793e-03
2.456008841531490301e-04 2.456008841531498975e-04 7.098534994428762519e-04 1.146090138260191923e-03 1.146090138260191923e-03 1.190204440844915739e-03
2.445899479969372158e-04 2.445899479969377037e-04 7.046431385096931042e-04 1.146332439699344983e-03 1.146332439699345417e-03 1.192277150745010492e-03
2.435492898988775496e-04 2.435492898988792030e-04 6.994070114935650858e-04 1.146586691897677392e-03 1.146586691897677609e-03 1.194320197129285135e-03
2.424787358840522805e-04 2.424787358840530666e-04 6.941451840594156739e-04 1.146852928937404500e-03 1.146852928937404717e-03 1.196333464424451749e-03
2.413781347931798107e-04 2.413781347931804884e-04 6.888577205679913100e-04 1.147131166685344582e-03 1.147131166685344799e-03 1.198316850328537235e-03
2.402473584349570815e-04 2.402473584349575423e-04 6.835446846175173129e-04 1.147421402750225129e-03 1.147421402750225345e-03 1.200270265587483889e-03
2.390863016847467719e-04 2.390863016847475579e-04 6.782061395307780903e-04 1.147723616483960034e-03 1.147723616483960251e-03 1.202193633802105472e-03
2.378948825397889935e-04 2.378948825397894000e-04 6.728421488364808934e-04 1.148037769024004822e-03 1.148037769024004822e-03 1.204086891245194010e-03
2.366730421196481442e-04 2.366730421196492555e-04 6.674527766918510446e-04 1.148363803379288343e-03 1.148363803379288343e-03 1.205949986706372204e-03
2.354207446225195608e-04 2.354207446225208618e-04 6.620380882948971027e-04 1.148701644556473318e-03 1.148701644556473752e-03 1.207782881345251464e-03
2.341379772344617935e-04 2.341379772344639348e-04 6.565981502699094622e-04 1.149051199726668906e-03 1.149051199726669123e-03 1.209585548557582388e-03
2.328247499878711969e-04 2.328247499878719016e-04 6.511330310088203231e-04 1.149412358432912087e-03 1.149412358432912520e-03 1.211357973858454527e-03
2.314810955813932387e-04 2.314810955813946210e-04 6.456428010172367889e-04 1.149784992834326953e-03 1.149784992834326953e-03 1.213100154764939088e-03
2.301070691491079190e-04 2.301070691491094097e-04 6.401275332097044633e-04 1.150168957989384892e-03 1.150168957989385109e-03 1.214812100695313859e-03
2.287027479915157652e-04 2.287027479915168494e-04 6.345873032028427575e-04 1.150564092173878093e-03 1.150564092173878309e-03 1.216493832867739750e-03
2.272682312655204667e-04 2.272682312655216865e-04 6.290221895886482974e-04 1.150970217233320816e-03 1.150970217233321250e-03 1.218145384203450426e-03
2.258036396302590294e-04 2.258036396302596257e-04 6.234322741714216128e-04 1.151387138969576758e-03 1.151387138969576758e-03 1.219766799238218742e-03
2.243091148592452533e-04 2.243091148592461477e-04 6.178176422039368364e-04 1.151814647557594922e-03 1.151814647557594922e-03 1.221358134030430713e-03
2.227848194163675093e-04 2.227848194163681869e-04 6.121783826065062706e-04 1.152252517991717755e-03 1.152252517991717755e-03 1.222919456070227420e-03
2.212309359920521152e-04 2.212309359920526573e-04 6.065145881499467689e-04 1.152700510561339943e-03 1.152700510561340159e-03 1.224450844194041469e-03
2.196476670146602539e-04 2.196476670146617989e-04 6.008263556521299762e-04 1.153158371350297782e-03 1.153158371350297999e-03 1.225952388489999489e-03
2.180352341231076691e-04 2.180352341231104609e-04 5.951137861298708143e-04 1.153625832762656279e-03 1.153625832762656496e-03 1.227424190209696698e-03
2.163938776159808370e-04 2.163938776159815688e-04 5.893769849558701908e-04 1.154102614069104976e-03 1.154102614069105410e-03 1.228866361672120537e-03
2.147238558740267313e-04 2.147238558740283034e-04 5.836160620017501058e-04 1.154588421973462044e-03 1.154588421973462044e-03 1.230279026164644374e-03
2.130254447520676540e-04 2.130254447520684672e-04 5.778311317475102581e-04 1.155082951199012768e-03 1.155082951199012768e-03 1.231662317845246121e-03
2.112989369568231445e-04 2.112989369568238763e-04 5.720223134079356099e-04 1.155585885088454773e-03 1.155585885088454773e-03 1.233016381633034609e-03
2.095446413952881570e-04 2.095446413952898918e-04 5.661897310162594980e-04 1.156096896220490519e-03 1.156096896220490519e-03 1.234341373101322317e-03
2.077628825103264342e-04 2.077628825103277623e-04 5.603335135156865604e-04 1.156615647036778050e-03 1.156615647036778266e-03 1.235637458360567967e-03
2.059539995998469722e-04 2.059539995998472162e-04 5.544537948392475870e-04 1.157141790478872232e-03 1.157141790478872449e-03 1.236904813935838692e-03
2.041183461152077153e-04 2.041183461152085827e-04 5.485507139577910788e-04 1.157674970635025292e-03 1.157674970635025292e-03 1.238143626642658479e-03
2.022562889565063151e-04 2.022562889565072638e-04 5.426244149475738200e-04 1.158214823390305015e-03 1.158214823390305015e-03 1.239354093449794364e-03
2.003682077478810759e-04 2.003682077478823227e-04 5.366750470164230024e-04 1.158760977083585046e-03 1.158760977083585046e-03 1.240536421341896468e-03
1.984544941106054393e-04 1.984544941106067403e-04 5.307027645400373738e-04 1.159313053164895153e-03 1.159313053164895370e-03 1.241690827170748718e-03
1.965155509297490579e-04 1.965155509297503318e-04 5.247077270884214963e-04 1.159870666853080696e-03 1.159870666853080913e-03 1.242817537499434728e-03
1.945517916093778487e-04 1.945517916093790142e-04 5.186900994218166276e-04 1.160433427793936337e-03 1.160433427793936554e-03 1.243916788442954446e-03
1.925636393349695744e-04 1.925636393349712549e-04 5.126500515085384482e-04 1.161000940712230691e-03 1.161000940712230908e-03 1.244988825495214543e-03
1.905515263245548339e-04 1.905515263245553760e-04 5.065877585024781320e-04 1.161572806061761214e-03 1.161572806061761214e-03 1.246033903353976598e-03
1.885158930872723147e-04 1.885158930872732905e-04 5.005034007327974384e-04 1.162148620666946441e-03 1.162148620666947092e-03 1.247052285733872556e-03
1.864571876843539055e-04 1.864571876843547187e-04 4.943971636853974200e-04 1.162727978356347660e-03 1.162727978356348094e-03 1.248044245171416175e-03
1.843758649875975220e-04 1.843758649875996362e-04 4.882692379572441837e-04 1.163310470588473436e-03 1.163310470588473436e-03 1.249010062824878163e-03
1.822723859496085954e-04 1.822723859496098964e-04 4.821198192220054282e-04 1.163895687064874255e-03 1.163895687064874472e-03 1.249950028262546923e-03
1.801472168810860832e-04 1.801472168810876553e-04 4.759491081884117676e-04 1.164483216330995446e-03 1.164483216330995663e-03 1.250864439242710749e-03
1.780008287290273138e-04 1.780008287290286149e-04 4.697573105300895525e-04 1.165072646365621035e-03 1.165072646365621252e-03 1.251753601488349125e-03
1.758336963756317148e-04 1.758336963756327448e-04 4.635446368408175266e-04 1.165663565152661157e-03 1.165663565152661590e-03 1.252617828448480530e-03
1.736462979369422181e-04 1.736462979369428415e-04 4.573113025511093416e-04 1.166255561240355995e-03 1.166255561240356212e-03 1.253457441055704034e-03
1.714391140810137427e-04 1.714391140810145829e-04 4.510575278601906043e-04 1.166848224281803259e-03 1.166848224281803476e-03 1.254272767472062750e-03
1.692126273593549143e-04 1.692126273593563238e-04 4.447835376623312967e-04 1.167441145557967337e-03 1.167441145557968204e-03 1.255064142826548077e-03
1.669673215449107764e-04 1.669673215449124569e-04 4.384895614459127875e-04 1.168033918484442327e-03 1.168033918484442978e-03 1.255831908946936819e-03
1.647036809968090588e-04 1.647036809968111459e-04 4.321758332201079016e-04 1.168626139096081741e-03 1.168626139096082175e-03 1.256576414079061538e-03
1.624221900295839580e-04 1.624221900295854488e-04 4.258425914039881796e-04 1.169217406515073729e-03 1.169217406515073729e-03 1.257298012601872680e-03
1.601233323071112426e-04 1.601233323071122726e-04 4.194900787330407138e-04 1.169807323396735528e-03 1.169807323396735528e-03 1.257997064731566526e-03
1.578075902543572340e-04 1.578075902543579930e-04 4.131185421616893200e-04 1.170395496354648427e-03 1.170395496354649078e-03 1.258673936217780901e-03
1.554754444795084000e-04 1.554754444795087794e-04 4.067282327398793703e-04 1.170981536366778224e-03 1.170981536366778441e-03 1.259328998034216999e-03
1.531273732272213177e-04 1.531273732272224019e-04 4.003194055194408355e-04 1.171565059157161871e-03 1.171565059157162088e-03 1.259962626057918285e-03
1.507638518393750182e-04 1.507638518393762379e-04 3.938923194240561234e-04 1.172145685559071839e-03 1.172145685559072056e-03 1.260575200744436805e-03
1.483853522440712691e-04 1.483853522440725431e-04 3.874472371386334020e-04 1.172723041854382238e-03 1.172723041854382454e-03 1.261167106793260103e-03
1.459923424653199718e-04 1.459923424653207849e-04 3.809844249963467732e-04 1.173296760091123176e-03 1.173296760091123393e-03 1.261738732806170224e-03
1.435852861454437943e-04 1.435852861454443906e-04 3.745041528410943859e-04 1.173866478381196607e-03 1.173866478381197041e-03 1.262290470940649872e-03
1.411646421012982848e-04 1.411646421012991250e-04 3.680066939218612021e-04 1.174431841173298853e-03 1.174431841173299070e-03 1.262822716553557625e-03
1.387308638896546039e-04 1.387308638896568808e-04 3.614923247518732211e-04 1.174992499507157995e-03 1.174992499507158212e-03 1.263335867841306175e-03
1.362843994028366213e-04 1.362843994028378953e-04 3.549613249891071234e-04 1.175548111244292858e-03 1.175548111244292858e-03 1.263830325471922492e-03
1.338256904865397308e-04 1.338256904865433086e-04 3.484139773160954017e-04 1.176098341277535949e-03 1.176098341277536383e-03 1.264306492211363445e-03
1.313551725722865307e-04 1.313551725722885907e-04 3.418505672987407406e-04 1.176642861721340647e-03 1.176642861721341081e-03 1.264764772545827259e-03
1.288732743398649232e-04 1.288732743398667664e-04 3.352713832653735895e-04 1.177181352079718479e-03 1.177181352079718479e-03 1.265205572297291303e-03
1.263804174023459696e-04 1.263804174023471893e-04 3.286767161860058135e-04 1.177713499393997229e-03 1.177713499393997446e-03 1.265629298234329696e-03
1.238770160049265168e-04 1.238770160049266252e-04 3.220668595290804271e-04 1.178238998372668463e-03 1.178238998372668680e-03 1.266036357679961285e-03
1.213634767592698498e-04 1.213634767592718420e-04 3.154421091533067610e-04 1.178757551499160471e-03 1.178757551499160904e-03 1.266427158113189299e-03
1.188401983873144910e-04 1.188401983873160089e-04 3.088027631660478830e-04 1.179268869123623574e-03 1.179268869123623791e-03 1.266802106769069312e-03
1.163075714961351340e-04 1.163075714961364214e-04 3.021491218059239999e-04 1.179772669534681975e-03 1.179772669534682192e-03 1.267161610234080436e-03
1.137659783752132623e-04 1.137659783752141025e-04 2.954814873270657986e-04 1.180268679013646901e-03 1.180268679013647118e-03 1.267506074038798371e-03
1.112157928070312587e-04 1.112157928070326546e-04 2.888001638619419999e-04 1.180756631873511667e-03 1.180756631873511884e-03 1.267835902249436980e-03
1.086573799129616721e-04 1.086573799129621464e-04 2.821054573210451250e-04 1.181236270479068184e-03 1.181236270479068401e-03 1.268151497055693610e-03
1.060910960076983441e-04 1.060910960077005667e-04 2.753976752600077195e-04 1.181707345253999158e-03 1.181707345254000025e-03 1.268453258358967365e-03
1.035172884842333602e-04 1.035172884842364501e-04 2.686771267724825832e-04 1.182169614671387198e-03 1.182169614671387415e-03 1.268741583358511333e-03
1.009362957202427784e-04 1.009362957202447164e-04 2.619441223858026756e-04 1.182622845230128870e-03 1.182622845230129303e-03 1.269016866137264322e-03
9.834844699667891633e-05 9.834844699668093566e-05 2.551989739361918319e-04 1.183066811419566282e-03 1.183066811419566499e-03 1.269279497248790864e-03
9.575406245074964131e-05 9.575406245075351733e-05 2.484419944822218482e-04 1.183501295669131537e-03 1.183501295669131970e-03 1.269529863303416094e-03
9.315345303595681955e-05 9.315345303595751073e-05 2.416734981864257894e-04 1.183926088288517631e-03 1.183926088288517848e-03 1.269768346556977455e-03
9.054692051142177660e-05 9.054692051142387724e-05 2.348938002238304932e-04 1.184340987395274356e-03 1.184340987395274356e-03 1.269995324500376331e-03
8.793475745123353242e-05 8.793475745123793699e-05 2.281032166942165607e-04 1.184745798832241527e-03 1.184745798832241744e-03 1.270211169451509938e-03
8.531724726520457805e-05 8.531724726520598752e-05 2.213020645168845815e-04 1.185140336076886914e-03 1.185140336076886914e-03 1.270416248150758095e-03
8.269466424700628075e-05 8.269466424701029229e-05 2.144906613505705411e-04 1.185524420140736954e-03 1.185524420140737388e-03 1.270610921359173343e-03
8.006727364124645308e-05 8.006727364125236198e-05 2.076693255174279608e-04 1.185897879461133252e-03 1.185897879461133685e-03 1.270795543460756126e-03
7.743533171981506166e-05 7.743533171981748756e-05 2.008383759073918066e-04 1.186260549787358830e-03 1.186260549787359047e-03 1.270970462069953653e-03
7.479908588999663939e-05 7.479908588999789978e-05 1.939981319223606443e-04 1.186612274058691839e-03 1.186612274058692273e-03 1.271136017643353759e-03
7.215877480653016944e-05 7.215877480653187705e-05 1.871489133889784294e-04 1.186952902279095421e-03 1.186952902279095638e-03 1.271292543098063955e-03
6.951462850992249103e-05 6.951462850992467298e-05 1.802910404995199014e-04 1.187282291386128992e-03 1.187282291386129642e-03 1.271440363435784055e-03
6.686686858157425228e-05 6.686686858157681371e-05 1.734248337571484032e-04 1.187600305116249784e-03 1.187600305116250001e-03 1.271579795373836566e-03
6.421570830593967879e-05 6.421570830594114246e-05 1.665506139016858980e-04 1.187906813868333696e-03 1.187906813868333912e-03 1.271711146984163794e-03
6.156135286223171871e-05 6.156135286223281646e-05 1.596687018755560644e-04 1.188201694563407497e-03 1.188201694563407931e-03 1.271834717339625749e-03
5.890399951765161007e-05 5.890399951765463228e-05 1.527794187582563648e-04 1.188484830504674431e-03 1.188484830504674865e-03 1.271950796169626528e-03
5.624383784459396636e-05 5.624383784459975328e-05 1.458830857290624114e-04 1.188756111235844551e-03 1.188756111235844768e-03 1.272059663524424287e-03
5.358104995207365364e-05 5.358104995207738737e-05 1.389800240340486779e-04 1.189015432399674740e-03 1.189015432399674957e-03 1.272161589449202941e-03
5.091581072173364560e-05 5.091581072173593598e-05 1.320705549333685996e-04 1.189262695598272516e-03 1.189262695598272733e-03 1.272256833668754510e-03
4.824828807082198734e-05 4.824828807082775394e-05 1.251549996886650344e-04 1.189497808253573959e-03 1.189497808253574393e-03 1.272345645282390702e-03
4.557864321398708062e-05 4.557864321399073302e-05 1.182336795185458066e-04 1.189720683471368490e-03 1.189720683471368707e-03 1.272428262470666005e-03
4.290703094636766184e-05 4.290703094637010129e-05 1.113069155820407201e-04 1.189931239907298429e-03 1.189931239907298429e-03 1.272504912213537603e-03
4.023359993826409222e-05 4.023359993826668753e-05 1.043750289659582561e-04 1.190129401636428816e-03 1.190129401636429466e-03 1.272575810020830107e-03
3.755849303136401439e-05 3.755849303136991652e-05 9.743834065181729905e-05 1.190315098027603996e-03 1.190315098027604213e-03 1.272641159675687523e-03
3.488184755933018759e-05 3.488184755933339276e-05 9.049717152257931343e-05 1.190488263621411122e-03 1.190488263621411339e-03 1.272701152990821614e-03
3.220379566407230383e-05 3.220379566407544802e-05 8.355184233658016638e-05 1.190648838014359391e-03 1.190648838014359608e-03 1.272755969578724796e-03
2.952446463056344526e-05 2.952446463056786677e-05 7.660267372885830241e-05 1.190796765748099520e-03 1.190796765748100170e-03 1.272805776635655426e-03
2.684397723008561699e-05 2.684397723009563909e-05 6.964998621560451243e-05 1.190931996204920530e-03 1.190931996204920964e-03 1.272850728740042769e-03
2.416245206302546834e-05 2.416245206303849232e-05 6.269410017976878395e-05 1.191054483510334619e-03 1.191054483510335053e-03 1.272890967665798448e-03
2.148000391725834408e-05 2.148000391727346531e-05 5.573533588115190589e-05 1.191164186442249424e-03 1.191164186442249858e-03 1.272926622210541732e-03
1.879674413329140121e-05 1.879674413329371531e-05 4.877401346914148978e-05 1.191261068347673107e-03 1.191261068347673324e-03 1.272957808039259110e-03
1.611278096577545147e-05 1.611278096579195845e-05 4.181045297378201315e-05 1.191345097067570899e-03 1.191345097067571549e-03 1.272984627543744841e-03
1.342821996471109223e-05 1.342821996472442961e-05 3.484497433601186289e-05 1.191416244869316493e-03 1.191416244869316710e-03 1.273007169717816885e-03
1.074316434699533143e-05 1.074316434700710857e-05 2.787789740542639231e-05 1.191474488388022607e-03 1.191474488388023041e-03 1.273025510048838346e-03
8.057715381459732795e-06 8.057715381499589084e-06 2.090954197099964020e-05 1.191519808576199961e-03 1.191519808576200178e-03 1.273039710425504130e-03
5.371972777319645897e-06 5.371972777334751036e-06 1.394022782522663594e-05 1.191552190662337933e-03 1.191552190662338150e-03 1.273049819062173175e-03
2.686035065451343016e-06 2.686035065536053087e-06 6.970275062569250561e-06 1.191571624118635889e-03 1.191571624118636322e-03 1.273055870439916259e-03
5.148203375793276203e-08 8.251407411624514467e-08 1.559810218177565726e-07 1.191578098717590737e-03 1.191578099367118478e-03 1.273057884443005777e-03
2.570126510142178284e-06 4.119622302782862709e-06 7.782494291302476488e-06 1.191568334456981045e-03 1.191569952027778621e-03 1.273055836243224773e-03
5.140572051989132791e-06 8.240327050326262887e-06 1.556370517575328714e-05 1.191539046843863563e-03 1.191545503180494901e-03 1.273049661863933724e-03
7.711655088307822710e-06 1.236319259262167716e-05 2.334235553336380813e-05 1.191490290524732654e-03 1.191504765042576946e-03 1.273039280270649469e-03
1.028369295321822497e-05 1.648928980420484867e-05 3.111716630606447398e-05 1.191422149841694098e-03 1.191447752522960171e-03 1.273024555345523027e-03
1.285700129096511116e-05 2.061967812328206924e-05 3.888686105426044471e-05 1.191334742451029965e-03 1.191374486489230229e-03 1.273005297169301333e-03
1.543189349073362148e-05 2.475540181612661533e-05 4.665016642382630100e-05 1.191228218904125634e-03 1.191284993762857730e-03 1.272981262662645826e-03
1.800868013530695171e-05 2.889748630341974195e-05 5.440581287927610978e-05 1.191102762113043769e-03 1.191179307112760462e-03 1.272952156404337336e-03
2.058766844336190862e-05 3.304693453927545549e-05 6.215253543441309921e-05 1.190958586704829241e-03 1.191057465247769486e-03 1.272917631622020240e-03
2.316916172724563087e-05 3.720472348979244731e-05 6.988907441840283097e-05 1.190795938267635596e-03 1.190919512807261851e-03 1.272877291349960166e-03
2.575345884620335821e-05 4.137180069082499039e-05 7.761417621136923255e-05 1.190615092494075452e-03 1.190765500350790627e-03 1.272830689748051828e-03
2.834085367656639069e-05 4.554908092979768777e-05 8.532659400884797147e-05 1.190416354225430368e-03 1.190595484345719803e-03 1.272777333575205111e-03
3.093163457910687840e-05 4.973744302941487944e-05 9.302508855388554932e-05 1.190200056403002042e-03 1.190409527153928494e-03 1.272716683810389080e-03
3.352608388483260999e-05 5.393772677652073554e-05 1.007084288968220008e-04 1.189966558930305018e-03 1.190207697016352388e-03 1.272648157413617436e-03
3.612447737936319385e-05 5.815072997229157447e-05 1.083753931221946603e-04 1.189716247452821205e-03 1.189990068036657182e-03 1.272571129219733990e-03
3.872708380726371099e-05 6.237720564519845024e-05 1.160247691028411189e-04 1.189449532058632370e-03 1.189756720162559941e-03 1.272484933956908280e-03
4.133416437634108504e-05 6.661785940119161159e-05 1.236553552208137497e-04 1.189166845906611866e-03 1.189507739166343822e-03 1.272388868382816340e-03
4.394597228319216999e-05 7.087334695062439609e-05 1.312659611151344304e-04 1.188868643784725442e-03 1.189243216622822312e-03 1.272282193530495029e-03
4.656275224014384519e-05 7.514427178432086282e-05 1.388554083962374936e-04 1.188555400604697195e-03 1.188963249886541276e-03 1.272164137057411751e-03
4.918474002453893714e-05 7.943118303660581586e-05 1.464225313869124744e-04 1.188227609834498471e-03 1.188667942066219110e-03 1.272033895690193126e-03
5.181216203064114016e-05 8.373457350556806297e-05 1.539661778299381218e-04 1.187885781874194364e-03 1.188357401998463942e-03 1.271890637759508095e-03
5.444523484503001733e-05 8.805487786665355061e-05 1.614852096219224708e-04 1.187530442375301330e-03 1.188031744218509067e-03 1.271733505818285846e-03
5.708416482565041323e-05 9.239247104783369284e-05 1.689785035139197613e-04 1.187162130508253579e-03 1.187691088930251451e-03 1.271561619338987476e-03
5.972914770536798685e-05 9.674766680082169841e-05 1.764449518379805789e-04 1.186781397176711909e-03 1.187335561973079916e-03 1.271374077484050454e-03
6.238036820070180300e-05 1.011207164357189720e-04 1.838834632024423051e-04 1.186388803182168153e-03 1.186965294787924218e-03 1.271169961946593072e-03
6.503799964212423929e-05 1.055118077447120593e-04 1.912929632019824992e-04 1.185984917336780492e-03 1.186580424380424261e-03 1.270948339856910886e-03
6.770220361993979413e-05 1.099210641028003859e-04 1.986723951238488666e-04 1.185570314524760560e-03 1.186181093281917691e-03 1.270708266752304440e-03
7.037312963960414469e-05 1.143485437325055773e-04 2.060207206322494668e-04 1.185145573712202607e-03 1.185767449509212736e-03 1.270448789608765502e-03
7.305091480297489490e-05 1.187942391566066563e-04 2.133369204761653736e-04 1.184711275901070620e-03 1.185339646520662624e-03 1.270168949931684216e-03
7.573568349562322371e-05 1.232580768019999587e-04 2.206199951644086121e-04 1.184268002028031211e-03 1.184897843171526166e-03 1.269867786906727974e-03
7.842754710139599264e-05 1.277399167853925338e-04 2.278689656655555156e-04 1.183816330801768218e-03 1.184442203665301164e-03 1.269544340608890322e-03
8.112660372336406172e-05 1.322395528415235152e-04 2.350828740751682118e-04 1.183356836478463093e-03 1.183972897504326216e-03 1.269197655272704273e-03
8.383293793249205574e-05 1.367567124240698004e-04 2.422607843073633328e-04 1.182890086567610962e-03 1.183490099436109886e-03 1.268826782622812935e-03
8.654662052295550951e-05 1.412910569389011983e-04 2.494017827535749627e-04 1.182416639466703050e-03 1.182993989398900938e-03 1.268430785269802604e-03
8.926770829552044511e-05 1.458421821394325550e-04 2.565049789649323487e-04 1.181937042015473874e-03 1.182484752462743295e-03 1.268008740171787732e-03
9.199624384768022561e-05 1.504096186429770452e-04 2.635695063015729969e-04 1.181451826966952627e-03 1.181962578769742362e-03 1.267559742168734589e-03
9.473225539204014440e-05 1.549928325976657347e-04 2.705945226045763994e-04 1.180961510364436813e-03 1.181427663469576022e-03 1.267082907591437655e-03
9.747575658150482757e-05 1.595912264582967463e-04 2.775792108343110216e-04 1.180466588820181439e-03 1.180880206654180567e-03 1.266577377954466403e-03
1.002267463627559674e-04 1.642041399006879737e-04 2.845227797301247029e-04 1.179967536683145923e-03 1.180320413287451247e-03 1.266042323736625607e-03
1.029852088364368494e-04 1.688308508325178788e-04 2.914244644355989543e-04 1.179464803089884167e-03 1.179748493134083476e-03 1.265476948260864983e-03
1.057511131455784754e-04 1.734705765304855472e-04 2.982835271434948607e-04 1.178958808883920481e-03 1.179164660683198812e-03 1.264880491679084944e-03
1.085244133705423651e-04 1.781224748615312136e-04 3.050992577050586551e-04 1.178449943395648960e-03 1.178569135071087532e-03 1.264252235076749296e-03
1.113050484520232425e-04 1.827856456183340008e-04 3.118709742569327858e-04 1.177938561065780326e-03 1.177962139998518266e-03 1.263591504704964126e-03
1.140929421202839045e-04 1.874591319268006831e-04 3.185980238107912442e-04 1.177343903647134083e-03 1.177424977902008984e-03 1.262897676358274313e-03
1.168880028521867041e-04 1.921419217562099632e-04 3.252797828580287153e-04 1.176714658590224385e-03 1.176909467749247392e-03 1.262170179908381554e-03
1.196901238340446498e-04 1.968329494898622516e-04 3.319156579350492249e-04 1.176074641702565043e-03 1.176392258360406265e-03 1.261408504015714685e-03
1.224991829519704481e-04 2.015310975874873452e-04 3.385050862005490983e-04 1.175424094064441349e-03 1.175873527245148821e-03 1.260612201031823497e-03
1.253150427882216984e-04 2.062351982985728542e-04 3.450475359723623766e-04 1.174763260864582866e-03 1.175353397280556834e-03 1.259780892118203153e-03
1.281375506404750398e-04 2.109440354504720037e-04 3.515425072630795123e-04 1.174092391298093164e-03 1.174831932059085390e-03 1.258914272598753116e-03
1.309665385569485144e-04 2.156563462950778149e-04 3.579895322960357173e-04 1.173411738460848749e-03 1.174309130952272146e-03 1.258012117570800944e-03
1.338018233801019352e-04 2.203708233980626835e-04 3.643881759840369625e-04 1.172721559242046602e-03 1.173784923867542780e-03 1.257074287801608235e-03
1.366432068159840834e-04 2.250861165954601403e-04 3.707380364083531798e-04 1.172022114210723989e-03 1.173259165670134142e-03 1.256100735930462198e-03
1.394904755073879757e-04 2.298008349778966409e-04 3.770387452467267473e-04 1.171313667501416118e-03 1.172731630249020281e-03 1.255091513009267074e-03
1.423434011328011451e-04 2.345135489359806782e-04 3.832899681982678518e-04 1.170596486693531056e-03 1.172202004198057926e-03 1.254046775400000698e-03
1.452017405084439191e-04 2.392227922265699708e-04 3.894914053528565341e-04 1.169870842689922337e-03 1.171669880093241956e-03 1.252966792061055955e-03
1.480652357154961258e-04 2.439270640940956018e-04 3.956427915519176845e-04 1.169137009589108368e-03 1.171134749341604499e-03 1.251851952236126761e-03
1.509336142296835675e-04 2.486248314073171480e-04 4.017438966887293232e-04 1.168395264556781020e-03 1.170595994590365981e-03 1.250702773570670865e-03
1.538065890754302919e-04 2.533145308462719228e-04 4.077945259941673358e-04 1.167645887690926766e-03 1.170052881683971693e-03 1.249519910657002431e-03
1.566838589815898409e-04 2.579945711005512325e-04 4.137945202566209761e-04 1.166889161886343037e-03 1.169504551175665468e-03 1.248304164015649363e-03
1.595651085610593606e-04 2.626633351141720372e-04 4.197437560210523304e-04 1.166125372692778826e-03 1.168950009406739474e-03 1.247056489487932468e-03
1.624500084912593905e-04 2.673191823389872452e-04 4.256421457166298448e-04 1.165354808172615374e-03 1.168388119195305124e-03 1.245778008012734910e-03
1.653382157177331812e-04 2.719604510323536824e-04 4.314896377569885652e-04 1.164577758752200582e-03 1.167817590194819479e-03 1.244470015714617883e-03
1.682293736578804259e-04 2.765854605617915399e-04 4.372862165633410454e-04 1.163794517072904789e-03 1.167236969026241942e-03 1.243133994214665672e-03
1.711231124270960833e-04 2.811925137527634087e-04 4.430319025536874210e-04 1.163005377835917660e-03 1.166644629323676605e-03 1.241771621010763016e-03
1.740190490642615803e-04 2.857798992430745375e-04 4.487267520491977505e-04 1.162210637646962901e-03 1.166038761898275256e-03 1.240384779738119099e-03
1.769167877789313062e-04 2.903458938803162416e-04 4.543708571403366823e-04 1.161410594854878986e-03 1.165417365284894535e-03 1.238975570031166165e-03
1.798159201971263139e-04 2.948887651266297373e-04 4.599643454647751569e-04 1.160605549390360995e-03 1.164778237027797123e-03 1.237546316646369457e-03
1.827160256280834806e-04 2.994067735073363068e-04 4.655073799390853340e-04 1.159795802598731322e-03 1.164118966148810488e-03 1.236099577387104976e-03
1.856166713288887125e-04 3.038981750684346668e-04 4.710001583973727566e-04 1.158981657073141023e-03 1.163436927360503824e-03 1.234638149283996981e-03
1.885174127893612028e-04 3.083612238795142087e-04 4.764429131784199693e-04 1.158163416482011670e-03 1.162729277696225106e-03 1.233165072342343963e-03
1.914177940148023538e-04 3.127941745487611606e-04 4.818359106170422854e-04 1.157341385397004339e-03 1.161992956361795025e-03 1.231683630067243948e-03
1.943173478240475349e-04 3.171952847788538608e-04 4.871794504717525840e-04 1.156515869116696467e-03 1.161224688721438367e-03 1.230197345840003268e-03
1.972155961553501168e-04 3.215628179536385864e-04 4.924738652734541233e-04 1.155687173488084436e-03 1.160420995432381386e-03 1.228709974135213604e-03
2.001120503726813520e-04 3.258950457461497977e-04 4.977195195812269841e-04 1.154855604728133875e-03 1.159578207799485169e-03 1.227225485511410780e-03
2.030062115898715333e-04 3.301902507758139684e-04 5.029168091770384787e-04 1.154021469240468830e-03 1.158692490406208276e-03 1.225748044303175523e-03
2.058975709902515514e-04 3.344467292826009590e-04 5.080661601588491250e-04 1.153185073433682893e-03 1.157759871988936961e-03 1.224281978062965060e-03
2.087856101642234961e-04 3.386627938528093259e-04 5.131680279734904303e-04 1.152346723534940134e-03 1.156776285288090012e-03 1.222831737998501030e-03
2.116698014417220104e-04 3.428367761632513549e-04 5.182228963491898989e-04 1.151506725405599361e-03 1.155737616258287453e-03 1.221401850039221084e-03
2.145496082419911111e-04 3.469670297773678547e-04 5.232312761694242215e-04 1.150665384352510257e-03 1.154639762485068846e-03 1.219996856662395202e-03
2.174244854177318322e-04 3.510519329599159303e-04 5.281937042498440317e-04 1.149823004941761531e-03 1.153478700002780449e-03 1.218621250300068242e-03
2.202938796159453619e-04 3.550898915422875880e-04 5.331107420603776060e-04 1.148979890808511650e-03 1.152250556912757292e-03 1.217279399904753123e-03
2.231572296326578915e-04 3.590793418047881903e-04 5.379829743562171288e-04 1.148136344469718930e-03 1.150951691394475193e-03 1.215975473097065428e-03
2.260139667838035997e-04 3.630187534060828002e-04 5.428110077603165093e-04 1.147292667133393076e-03 1.149578770915906691e-03 1.214713357065216231e-03
2.288635152695156071e-04 3.669066323256219442e-04 5.475954692630900875e-04 1.146449158511208622e-03 1.148128848872249832e-03 1.213496582003306548e-03
2.317052925540570346e-04 3.707415238471012289e-04 5.523370046825119405e-04 1.145606116628101025e-03 1.146599434557860064e-03 1.212328251159032087e-03
2.345387097387747598e-04 3.745220155480485967e-04 5.570362770522808678e-04 1.144763837635700198e-03 1.144988552477501894e-03 1.211210981501226972e-03
2.373631719501878231e-04 3.782467403211213519e-04 5.616939649817776891e-04 1.143294787487925557e-03 1.143922615623220495e-03 1.210146858491211114e-03
2.401780787207406906e-04 3.819143793913088044e-04 5.663107609573625424e-04 1.141517313190999272e-03 1.143082742432672107e-03 1.209137407553920835e-03
2.429828243842601146e-04 3.855236653519667476e-04 5.708873696291893009e-04 1.139655902182479166e-03 1.142244507472019643e-03 1.208183583619526231e-03
2.457767984637498839e-04 3.890733851828008906e-04 5.754245060547661782e-04 1.137710918139332467e-03 1.141408197533138073e-03 1.207285778770737566e-03
2.485593860734767666e-04 3.925623832699065888e-04 5.799228939437256524e-04 1.135683291018343066e-03 1.140574096608221091e-03 1.206443846698008983e-03
2.513299683131340538e-04 3.959895643898469434e-04 5.843832638764537334e-04 1.133574477779266060e-03 1.139742485711454792e-03 1.205657141568672753e-03
2.540879226759013487e-04 3.993538966749370697e-04 5.888063515410606793e-04 1.131386411798443502e-03 1.138913642699649221e-03 1.204924568119499590e-03
2.568326234490546671e-04 4.026544145214172566e-04 5.931928959635090950e-04 1.129121444563014947e-03 1.138087842098396306e-03 1.204244639402631250e-03
2.595634421240644997e-04 4.058902214490931176e-04 5.975436377675653974e-04 1.126782283220698847e-03 1.137265354928892200e-03 1.203615538591189986e-03
2.622797478091563688e-04 4.090604928899330681e-04 6.018593174625639936e-04 1.124371927272276202e-03 1.136446448537708218e-03 1.203035181564043182e-03
2.649809076376159994e-04 4.121644788834395419e-04 6.061406737575728660e-04 1.121893607168011507e-03 1.135631386431744036e-03 1.202501277516388476e-03
2.676662871884191589e-04 4.152015066828200203e-04 6.103884419373216018e-04 1.119350726903569314e-03 1.134820428113550829e-03 1.202011385483611403e-03
2.703352508984135016e-04 4.181709832315290074e-04 6.146033522755789576e-04 1.116746812076359558e-03 1.134013828923479241e-03 1.201562965342500584e-03
2.729871624872055283e-04 4.210723975173888346e-04 6.187861285276755573e-04 1.114085464207229632e-03 1.133211839882452936e-03 1.201153422464505162e-03
2.756213853735403532e-04 4.239053227625835612e-04 6.229374864763170773e-04 1.111370321648901286e-03 1.132414707541950366e-03 1.200780145727687329e-03
2.782372831040760700e-04 4.266694184543693173e-04 6.270581325706682009e-04 1.108605026955669821e-03 1.131622673835059678e-03 1.200440538994249507e-03
2.808342197736265859e-04 4.293644321746904074e-04 6.311487626320165609e-04 1.105793200341598876e-03 1.130835975935088559e-03 1.200132046456909522e-03
2.834115604575180832e-04 4.319902012315189046e-04 6.352100606639363156e-04 1.102938418630217219e-03 1.130054846115663989e-03 1.199852172434403294e-03
2.859686716354122135e-04 4.345466540504194656e-04 6.392426977390469221e-04 1.100044199047714184e-03 1.129279511618703526e-03 1.199598496297101793e-03
2.885049216269506742e-04 4.370338113275129598e-04 6.432473309980011461e-04 1.097113987141303633e-03 1.128510194524250977e-03 1.199368683226299673e-03
2.910196810189113483e-04 4.394517869031470719e-04 6.472246027313265006e-04 1.094151148169920365e-03 1.127747111628469830e-03 1.199160491495344103e-03
2.935123231038918993e-04 4.418007883562492105e-04 6.511751395772911706e-04 1.091158961321067730e-03 1.126990474323842162e-03 1.198971776905853083e-03
2.959822243105539904e-04 4.440811172799803567e-04 6.550995518048305854e-04 1.088140616222183551e-03 1.126240488487753860e-03 1.198800494948132692e-03
2.984287646451165349e-04 4.462931692380625332e-04 6.589984327121984784e-04 1.085099211244607703e-03 1.125497354373600168e-03 1.198644701176391917e-03
3.008513281244630218e-04 4.484374333642184149e-04 6.628723581087481729e-04 1.082037753220973977e-03 1.124761266510460348e-03 1.198502550217176669e-03
3.032493032202120240e-04 4.505144916041460665e-04 6.667218859080943898e-04 1.078959158221352898e-03 1.124032413605561545e-03 1.198372293755643790e-03
3.056220832944638510e-04 4.525250175649411549e-04 6.705475557984993083e-04 1.075866253145698172e-03 1.123310978455449236e-03 1.198252277782662235e-03
3.079690670462185715e-04 4.544697749721109950e-04 6.743498890164908261e-04 1.072761777898862930e-03 1.122597137860174583e-03 1.198140939327180807e-03
3.102896589495347454e-04 4.563496157023155114e-04 6.781293881881780795e-04 1.069648388010833399e-03 1.121891062546280082e-03 1.198036802852463960e-03
3.125832697020327461e-04 4.581654773934758945e-04 6.818865372622430867e-04 1.066528657556602014e-03 1.121192917092978620e-03 1.197938476452635763e-03
3.148493166657786351e-04 4.599183806048445398e-04 6.856218014988667070e-04 1.063405082310830800e-03 1.120502859867012228e-03 1.197844647954841467e-03
3.170872243148362590e-04 4.616094255280966778e-04 6.893356275304234710e-04 1.060280083056147930e-03 1.119821042961850234e-03 1.197754081004083959e-03
3.192964246835533525e-04 4.632397882357653968e-04 6.930284434765088177e-04 1.057156009011370711e-03 1.119147612143039840e-03 1.197665611187526472e-03
3.214763578101652417e-04 4.648107164568464496e-04 6.967006590957728262e-04 1.054035141362000922e-03 1.118482706801336279e-03 1.197578142238249314e-03
3.236264721892547457e-04 4.663235248858454409e-04 7.003526659882736496e-04 1.050919696860539310e-03 1.117826459909470682e-03 1.197490642344799586e-03
3.257462252161842653e-04 4.677795900118037180e-04 7.039848378108853931e-04 1.047811831515834975e-03 1.117178997987658146e-03 1.197402140584258616e-03
3.278350836405193231e-04 4.691803444815796317e-04 7.075975305248917262e-04 1.044713644348561768e-03 1.116540441072607108e-03 1.197311723487822768e-03
3.298925240114580098e-04 4.705272709907020899e-04 7.111910826370872922e-04 1.041627181242816592e-03 1.115910902695143800e-03 1.197218531743894686e-03
3.319180331317895779e-04 4.718218957218835814e-04 7.147658154526446636e-04 1.038554438877258230e-03 1.115290489861337593e-03 1.197121757038454269e-03
3.339111085038641460e-04 4.730657813325758396e-04 7.183220333009141889e-04 1.035497368768802627e-03 1.114679303042080292e-03 1.197020639031271070e-03
3.358712587835943901e-04 4.742605195183993857e-04 7.218600237516822112e-04 1.032457881413221352e-03 1.114077436166124695e-03 1.196914462463356116e-03
3.377980042264374446e-04 4.754077231626283690e-04 7.253800577829411624e-04 1.029437850554367189e-03 1.113484976621376740e-03 1.196802554391549877e-03
3.396908771408678820e-04 4.765090181060662486e-04 7.288823899170161335e-04 1.026439117564081384e-03 1.112902005259572540e-03 1.196684281544093537e-03
3.415494223337777781e-04 4.775660345568357064e-04 7.323672582859860674e-04 1.023463495960672768e-03 1.112328596408975042e-03 1.196559047792543611e-03
3.433731975627663381e-04 4.785803981824833389e-04 7.358348846425181913e-04 1.020512776043984828e-03 1.111764817890350827e-03 1.196426291733841728e-03
3.451617739802743728e-04 4.795537209135816194e-04 7.392854742768617147e-04 1.017588729669765841e-03 1.111210731040698958e-03 1.196285484378471851e-03
3.469147365839587906e-04 4.804875915095362126e-04 7.427192158553063686e-04 1.014693115136523468e-03 1.110666390740128575e-03 1.196136126939181159e-03
3.486316846587865503e-04 4.813835659254953178e-04 7.461362811405140806e-04 1.011827682201856069e-03 1.110131845446196220e-03 1.195977748717259393e-03
3.503122322246645499e-04 4.822431575393023337e-04 7.495368246080893592e-04 1.008994177196453727e-03 1.109607137231234707e-03 1.195809905081756655e-03
3.519560084756234177e-04 4.830678272867805316e-04 7.529209829193025038e-04 1.006194348246989157e-03 1.109092301826827094e-03 1.195632175539806941e-03
3.535626582237823647e-04 4.838589737721422815e-04 7.562888742632432144e-04 1.003429950571339650e-03 1.108587368671095242e-03 1.195444161894311259e-03
3.551318423346474119e-04 4.846179234104925596e-04 7.596405975276921589e-04 1.000702751851868756e-03 1.108092360962796737e-03 1.195245486488253706e-03
3.566632381663852784e-04 4.853459206763032982e-04 7.629762313108077012e-04 9.980145376459201648e-04 1.107607295718050994e-03 1.195035790532604763e-03
3.581565400005260564e-04 4.860441185225841459e-04 7.662958327330630145e-04 9.953671168335255330e-04 1.107132183833397544e-03 1.194814732517944945e-03
3.596114594735942867e-04 4.867135690493792867e-04 7.695994360546952158e-04 9.927623270622619369e-04 1.106667030151982671e-03 1.194581986707650379e-03
3.610277260052707510e-04 4.873552144959528176e-04 7.728870510746609817e-04 9.902020401710810108e-04 1.106211833533985280e-03 1.194337241712292285e-03
3.624050872194171783e-04 4.879698786338197702e-04 7.761586612871659678e-04 9.876881675722000604e-04 1.105766586932234148e-03 1.194080199145329058e-03
3.637433093663945661e-04 4.885582586448745544e-04 7.794142218000552937e-04 9.852226655463812519e-04 1.105331277470047568e-03 1.193810572358176706e-03
3.650421777355691475e-04 4.891209175611091302e-04 7.826536569744411195e-04 9.828075404402583388e-04 1.104905886524611960e-03 1.193528085256164665e-03
3.663014970684493640e-04 4.896582773525942536e-04 7.858768577963312759e-04 9.804448537132322890e-04 1.104490389812242020e-03 1.193232471193038597e-03
3.675210919615707846e-04 4.901706127407857950e-04 7.890836789410732776e-04 9.781367268183684040e-04 1.104084757478803391e-03 1.192923471945811888e-03
3.687008072689030008e-04 4.906580458222982574e-04 7.922739355444551870e-04 9.758853458608729393e-04 1.103688954191802199e-03 1.192600836767369627e-03
3.698405084934939711e-04 4.911205415780217414e-04 7.954473996466730843e-04 9.736929660121601982e-04 1.103302939237261766e-03 1.192264321518713517e-03
3.709400821774684934e-04 4.915579043480944538e-04 7.986037963302721745e-04 9.715619156169854600e-04 1.102926666618046520e-03 1.191913687877889372e-03
3.719994362806770317e-04 4.919697753420176727e-04 8.017427995291007310e-04 9.694945999619272508e-04 1.102560085156602298e-03 1.191548702627472220e-03
3.730185005564664734e-04 4.923556312561921597e-04 8.048640275436795468e-04 9.674935046321607533e-04 1.102203138598934146e-03 1.191169137017182708e-03
3.739972269154438365e-04 4.927147840586857059e-04 8.079670382598519223e-04 9.655611984088680912e-04 1.101855765722634280e-03 1.190774766203442185e-03
3.749355897850475830e-04 4.930463820011684586e-04 8.110513241317339559e-04 9.637003356156035108e-04 1.101517900445939157e-03 1.190365368761926246e-03
3.758335864563872551e-04 4.933494119040388948e-04 8.141163069598489604e-04 9.619136578393434412e-04 1.101189471940482167e-03 1.189940726274829781e-03
3.766912374254929104e-04 4.936227027577554018e-04 8.171613325685387393e-04 9.602039949023912337e-04 1.100870404744877257e-03 1.189500622988353198e-03
3.775085867210338226e-04 4.938649306679156713e-04 8.201856654688232436e-04 9.585742649671310416e-04 1.100560618881649914e-03 1.189044845542057589e-03
3.782857022249565293e-04 4.940746251653258111e-04 8.231884836792804179e-04 9.570274735968102575e-04 1.100260029974811085e-03 1.188573182765042310e-03
3.790226759787130185e-04 4.942501768852939617e-04 8.261688738762303389e-04 9.555667115854169251e-04 1.099968549370443230e-03 1.188085425540558702e-03
3.797196244808386098e-04 4.943898466107359696e-04 8.291258271483065547e-04 9.541951512977171063e-04 1.099686084257751493e-03 1.187581366733496489e-03
3.803766889691328080e-04 4.944917756554204329e-04 8.320582356494139308e-04 9.529160412307330699e-04 1.099412537792804779e-03 1.187060801182371296e-03
3.809940356925353038e-04 4.945539975509123231e-04 8.349648905671942052e-04 9.517326984208367363e-04 1.099147809222570217e-03 1.186523525749776055e-03
3.815718561666609334e-04 4.945744509818129951e-04 8.378444818630961062e-04 9.506484982713315395e-04 1.098891794011277361e-03 1.185969339432867923e-03
3.821103674164500331e-04 4.945509938986002076e-04 8.406956003713045647e-04 9.496668612804545599e-04 1.098644383967278728e-03 1.185398043528428308e-03
3.826098122033252209e-04 4.944814187186389286e-04 8.435167429092657815e-04 9.487912360857657813e-04 1.098405467371032715e-03 1.184809441851289707e-03
3.830704592349832693e-04 4.943634685092910923e-04 8.463063211356034723e-04 9.480250781715792536e-04 1.098174929104646456e-03 1.184203341005241397e-03
3.834926033601403130e-04 4.941948540293271755e-04 8.490626749768086408e-04 9.473718235323984370e-04 1.097952650781399819e-03 1.183579550700425941e-03
3.838765657436174895e-04 4.939732714894799672e-04 8.517840914280564932e-04 9.468348565892421593e-04 1.097738510876963575e-03 1.182937884119321598e-03
3.842226940245120495e-04 4.936964208764653634e-04 8.544688295386015930e-04 9.464174716949705878e-04 1.097532384860400298e-03 1.182278158324196133e-03
3.845313624532324345e-04 4.933620246737767043e-04 8.571151522233411190e-04 9.461228277133159432e-04 1.097334145326603772e-03 1.181600194708625189e-03
3.848029720094748142e-04 4.929678467984077326e-04 8.597213653449759831e-04 9.459538953973286842e-04 1.097143662128409903e-03 1.180903819485795269e-03
3.850379504974576171e-04 4.925117115682180321e-04 8.622858640893867012e-04 9.459133976876127076e-04 1.096960802509902837e-03 1.180188864216639641e-03
3.852367526198399402e-04 4.919915225045307441e-04 8.648071861655413049e-04 9.460037435832313948e-04 1.096785431239282859e-03 1.179455166370442423e-03
3.853998600271610602e-04 4.914052807784621011e-04 8.672840706377579712e-04 9.462269569258231847e-04 1.096617410742715048e-03 1.178702569921476987e-03
3.855277813435768991e-04 4.907511031046713846e-04 8.697155204403604753e-04 9.465846022324285198e-04 1.096456601237634975e-03 1.177930925974304171e-03
3.856210521662516784e-04 4.900272388996908040e-04 8.721008657398208715e-04 9.470777105517200548e-04 1.096302860866827647e-03 1.177140093421890363e-03
3.856802350385473343e-04 4.892320865229534419e-04 8.744398245642798868e-04 9.477067090960483546e-04 1.096156045831879564e-03 1.176329939629215410e-03
3.857059193948537816e-04 4.883642084419331222e-04 8.767325564954791140e-04 9.484713589706218837e-04 1.096016010527201294e-03 1.175500341147198494e-03
3.856987214766082936e-04 4.874223451690210744e-04 8.789797050148301545e-04 9.493707055526319971e-04 1.095882607673350504e-03 1.174651184449711228e-03
3.856592842178157882e-04 4.864054278499860468e-04 8.811824242875832512e-04 9.504030458156158961e-04 1.095755688450741417e-03 1.173782366699245572e-03
3.855882770990338992e-04 4.853125893937071844e-04 8.833423869713934737e-04 9.515659161172877441e-04 1.095635102632578186e-03 1.172893796534156281e-03
3.854863959686025674e-04 4.841431740720569289e-04 8.854617708785740126e-04 9.528561026533821860e-04 1.095520698718009667e-03 1.171985394883839340e-03
3.853543628295172147e-04 4.828967455297443500e-04 8.875432240199823295e-04 9.542696751061320159e-04 1.095412324064440031e-03 1.171057095804983609e-03
3.851929255911769670e-04 4.815730931873459203e-04 8.895898093558656222e-04 9.558020421411947843e-04 1.095309825019897057e-03 1.170108847346104956e-03
3.850028577838919422e-04 4.801722370296963903e-04 8.916049323467879328e-04 9.574480256661447317e-04 1.095213047054503135e-03 1.169140612433765313e-03
