-9.999295884626987004e-11 -9.573710958491722340e-11 -6.668476163420749039e-11 1.191578102637699550e-03 1.191578102637701284e-03 1.191578102637701935e-03
4.859576807464076078e-06 4.859576807744669294e-06 8.754422764798400105e-06 1.191563520045851084e-03 1.191563520045852385e-03 1.191620926635587061e-03
9.718976094242563480e-06 9.718976094395110726e-06 1.750804141564767433e-05 1.191519751403813127e-03 1.191519751403814645e-03 1.191749277536562502e-03
1.457801766010567257e-05 1.457801766022914964e-05 2.626005329731251263e-05 1.191446734300406589e-03 1.191446734300407673e-03 1.191962792525548846e-03
1.943651594691762403e-05 1.943651594699165471e-05 3.500965863942952531e-05 1.191344365343951920e-03 1.191344365343952787e-03 1.192260868450059587e-03
2.429427738863849194e-05 2.429427738870604451e-05 4.375606199519285300e-05 1.191212501098845447e-03 1.191212501098846965e-03 1.192642664119684427e-03
2.915109776350959103e-05 2.915109776356924586e-05 5.249847360895128971e-05 1.191050959390119353e-03 1.191050959390120220e-03 1.193107103503461769e-03
3.400675959706340985e-05 3.400675959710116041e-05 6.123611078087514965e-05 1.190859520968000568e-03 1.190859520968002737e-03 1.193652879807549638e-03
3.886102958073332260e-05 3.886102958077078856e-05 6.996819914234366584e-05 1.190637931524606832e-03 1.190637931524608350e-03 1.194278460404201098e-03
4.371365604777000961e-05 4.371365604779816499e-05 7.869397389527190919e-05 1.190385904050876445e-03 1.190385904050878180e-03 1.194982092584023813e-03
4.856436649954863692e-05 4.856436649957377008e-05 8.741268098230201109e-05 1.190103121521292025e-03 1.190103121521292892e-03 1.195761810095029515e-03
5.341286517576516660e-05 5.341286517579208192e-05 9.612357815596407715e-05 1.189789239892839658e-03 1.189789239892840959e-03 1.196615440425653027e-03
5.825883070977085906e-05 5.825883070979561953e-05 1.048259360024143290e-04 1.189443891400163199e-03 1.189443891400164283e-03 1.197540612792769195e-03
6.310191383329281445e-05 6.310191383331277732e-05 1.135190388377522097e-04 1.189066688131719483e-03 1.189066688131720567e-03 1.198534766779753204e-03
6.794173518132568077e-05 6.794173518134203867e-05 1.222021855517526668e-04 1.188657225864930139e-03 1.188657225864931440e-03 1.199595161581107567e-03
7.277788315993523652e-05 7.277788315995197389e-05 1.308746903169574673e-04 1.188215088142930082e-03 1.188215088142931383e-03 1.200718885791294405e-03
7.760991192748629194e-05 7.760991192750129458e-05 1.395358832398336591e-04 1.187739850567703015e-03 1.187739850567704316e-03 1.201902867690587701e-03
8.243733945318929576e-05 8.243733945320343105e-05 1.481851108767252595e-04 1.187231085290267650e-03 1.187231085290268951e-03 1.203143885960754030e-03
8.725964569363405768e-05 8.725964569364300235e-05 1.568217366760906481e-04 1.186688365671003872e-03 1.186688365671004523e-03 1.204438580779034190e-03
9.207627087980052789e-05 9.207627087981432436e-05 1.654451413234602711e-04 1.186111271086314964e-03 1.186111271086316265e-03 1.205783465227707688e-03
9.688661390693271568e-05 9.688661390694575321e-05 1.740547229665405675e-04 1.185499391857825283e-03 1.185499391857826150e-03 1.207174936954952737e-03
1.016900308674390950e-04 1.016900308674492458e-04 1.826498973845920159e-04 1.184852334273852649e-03 1.184852334273853950e-03 1.208609290036428280e-03
1.064858336902273483e-04 1.064858336902393965e-04 1.912300980297933727e-04 1.184169725681529948e-03 1.184169725681531249e-03 1.210082726966314748e-03
1.112732889358265483e-04 1.112732889358374852e-04 1.997947760231254168e-04 1.183451219616865353e-03 1.183451219616866437e-03 1.211591370732099677e-03
1.160516167105415117e-04 1.160516167105517168e-04 2.083434000340481985e-04 1.182696500950986863e-03 1.182696500950987948e-03 1.213131276903613425e-03
1.208199897390337818e-04 1.208199897390421301e-04 2.168754561104189646e-04 1.181905291020328951e-03 1.181905291020329601e-03 1.214698445691466972e-03
1.255775325869238159e-04 1.255775325869333027e-04 2.253904474400214304e-04 1.181077352714817851e-03 1.181077352714818285e-03 1.216288833917888567e-03
1.303233210248991064e-04 1.303233210249086474e-04 2.338878940257700060e-04 1.180212495499017829e-03 1.180212495499018263e-03 1.217898366844636076e-03
1.350563815731305303e-04 1.350563815731369271e-04 2.423673323414928459e-04 1.179310580333051183e-03 1.179310580333052050e-03 1.219522949821196965e-03
1.397756911888370639e-04 1.397756911888449244e-04 2.508283148998826772e-04 1.178371524473521576e-03 1.178371524473522444e-03 1.221158479694058963e-03
1.444801771447218233e-04 1.444801771447256451e-04 2.592704098163510777e-04 1.177395306119848571e-03 1.177395306119850089e-03 1.222800855949431574e-03
1.491687170597503955e-04 1.491687170597573073e-04 2.676932002983113570e-04 1.176381968887947951e-03 1.176381968887949036e-03 1.224445991535594302e-03
1.538401391294699392e-04 1.538401391294749536e-04 2.760962841430922277e-04 1.175331626077004204e-03 1.175331626077004855e-03 1.226089823343837421e-03
1.584932225185453397e-04 1.584932225185506794e-04 2.844792731763523866e-04 1.174244464712827316e-03 1.174244464712828184e-03 1.227728322300986660e-03
1.631266979529846697e-04 1.631266979529887083e-04 2.928417926968179190e-04 1.173120749336414902e-03 1.173120749336415769e-03 1.229357503055920854e-03
1.677392485023226161e-04 1.677392485023266005e-04 3.011834809088726264e-04 1.171960825516781771e-03 1.171960825516782422e-03 1.230973433229454487e-03
1.723295105425285106e-04 1.723295105425320343e-04 3.095039883246255706e-04 1.170765123068795432e-03 1.170765123068796734e-03 1.232572242200369273e-03
1.768960749358390908e-04 1.768960749358423977e-04 3.178029771995730004e-04 1.169534158946124343e-03 1.169534158946124993e-03 1.234150129419728237e-03
1.814374883902836503e-04 1.814374883902865776e-04 3.260801209328481761e-04 1.168268539798760245e-03 1.168268539798760245e-03 1.235703372223106175e-03
1.859522550436763344e-04 1.859522550436800206e-04 3.343351035116092808e-04 1.166968964164609261e-03 1.166968964164610129e-03 1.237228333142152909e-03
1.904388382346593590e-04 1.904388382346626659e-04 3.425676189299935214e-04 1.165636224287406415e-03 1.165636224287407065e-03 1.238721466691526272e-03
1.948956624957796945e-04 1.948956624957823237e-04 3.507773706445119688e-04 1.164271207534831694e-03 1.164271207534832127e-03 1.240179325635149812e-03
1.993211157577252349e-04 1.993211157577261835e-04 3.589640710447746376e-04 1.162874897404166975e-03 1.162874897404167409e-03 1.241598566722734069e-03
2.037135517541543343e-04 2.037135517541573430e-04 3.671274409184752574e-04 1.161448374104946495e-03 1.161448374104946711e-03 1.242975955890842721e-03
2.080712926600941778e-04 2.080712926600952078e-04 3.752672089704228719e-04 1.159992814695535741e-03 1.159992814695536391e-03 1.244308372939331286e-03
2.123926319259864686e-04 2.123926319259893147e-04 3.833831113247802304e-04 1.158509492774260474e-03 1.158509492774260907e-03 1.245592815673737764e-03
2.166758373477457693e-04 2.166758373477478293e-04 3.914748910854488092e-04 1.156999777702048295e-03 1.156999777702049162e-03 1.246826403531298144e-03
2.209191543330703343e-04 2.209191543330724756e-04 3.995422978810420620e-04 1.155465133361423084e-03 1.155465133361423301e-03 1.248006380685734310e-03
2.251208094023784945e-04 2.251208094023798498e-04 4.075850874681837053e-04 1.153907116431792399e-03 1.153907116431792832e-03 1.249130118651572063e-03
2.292790138849493814e-04 2.292790138849497880e-04 4.156030213215868149e-04 1.152327374189609935e-03 1.152327374189610369e-03 1.250195118387927885e-03
2.333919678379572948e-04 2.333919678379584332e-04 4.235958662676616877e-04 1.150727641819962021e-03 1.150727641819962238e-03 1.251199011922853911e-03
2.374578641724514529e-04 2.374578641724526184e-04 4.315633941377080272e-04 1.149109739243238176e-03 1.149109739243238610e-03 1.252139563508337852e-03
2.414748929700463352e-04 2.414748929700480428e-04 4.395053814169869980e-04 1.147475567463270615e-03 1.147475567463271265e-03 1.253014670318708954e-03
2.454412460132725216e-04 2.454412460132733890e-04 4.474216089449916918e-04 1.145827104429541056e-03 1.145827104429541490e-03 1.253822362715608556e-03
2.493551214863619185e-04 2.493551214863624064e-04 4.553118615952713843e-04 1.144166400434250708e-03 1.144166400434250708e-03 1.254560804088702139e-03
2.532147288738924263e-04 2.532147288738931311e-04 4.631759280052961665e-04 1.142495573038552906e-03 1.142495573038553123e-03 1.255228290298365367e-03
2.570182940117088843e-04 2.570182940117093722e-04 4.710136002848982844e-04 1.140816801554301240e-03 1.140816801554301674e-03 1.255823248732257109e-03
2.607640643056284482e-04 2.607640643056290987e-04 4.788246737575588947e-04 1.139132321084288446e-03 1.139132321084288663e-03 1.256344237001139367e-03
2.644503140920261551e-04 2.644503140920274561e-04 4.866089467100187288e-04 1.137444416143271360e-03 1.137444416143271577e-03 1.256789941291653907e-03
2.680753501136410384e-04 2.680753501136419058e-04 4.943662201262834016e-04 1.135755413885306681e-03 1.135755413885306897e-03 1.257159174395900813e-03
2.716375171183196564e-04 2.716375171183204153e-04 5.020962974593508234e-04 1.134067676949208382e-03 1.134067676949208382e-03 1.257450873442298323e-03
2.751352035275809386e-04 2.751352035275817518e-04 5.097989843702390757e-04 1.132383595963928425e-03 1.132383595963928642e-03 1.257664097345326162e-03
2.785668471849014980e-04 2.785668471849023112e-04 5.174740885028498777e-04 1.130705581728698927e-03 1.130705581728699144e-03 1.257798023999117006e-03
2.819309411260952471e-04 2.819309411260966024e-04 5.251214192225687983e-04 1.129036057116601308e-03 1.129036057116601741e-03 1.257851947233982375e-03
2.852260393760109930e-04 2.852260393760111556e-04 5.327407873867529920e-04 1.127377448722806028e-03 1.127377448722806244e-03 1.257825273559560380e-03
2.884507627114848353e-04 2.884507627114857569e-04 5.403320050777774214e-04 1.125732178311853512e-03 1.125732178311853729e-03 1.257717518715030991e-03
2.916038043829064538e-04 2.916038043829069417e-04 5.478948853513781981e-04 1.124102654094681283e-03 1.124102654094681717e-03 1.257528304048778720e-03
2.946839357504189480e-04 2.946839357504193817e-04 5.554292419767854760e-04 1.122491261885620161e-03 1.122491261885620378e-03 1.257257352748187337e-03
2.976900117905947364e-04 2.976900117905960375e-04 5.629348891458459949e-04 1.120900356191896702e-03 1.120900356191896919e-03 1.256904485941860630e-03
3.006209764583258497e-04 3.006209764583265545e-04 5.704116412032602442e-04 1.119332251274490373e-03 1.119332251274490590e-03 1.256469618693405177e-03
3.034758678382806665e-04 3.034758678382808834e-04 5.778593123302600823e-04 1.117789212246839787e-03 1.117789212246840004e-03 1.255952755909792292e-03
3.062538230737015172e-04 3.062538230737033604e-04 5.852777162486550453e-04 1.116273446250930180e-03 1.116273446250930614e-03 1.255353988181257810e-03
3.089540830065461456e-04 3.089540830065471214e-04 5.926666658781447718e-04 1.114787093779763582e-03 1.114787093779763582e-03 1.254673487576215933e-03
3.115759965093541713e-04 3.115759965093552013e-04 6.000259729987392123e-04 1.113332220191025649e-03 1.113332220191025649e-03 1.253911503407206677e-03
3.141190244602842948e-04 3.141190244602857042e-04 6.073554478957502887e-04 1.111910807472647582e-03 1.111910807472647799e-03 1.253068357987548219e-03
3.165827433153630224e-04 3.165827433153636187e-04 6.146548989654864294e-04 1.110524746319917428e-03 1.110524746319917428e-03 1.252144442399697128e-03
3.189668482585392650e-04 3.189668482585399155e-04 6.219241323325876408e-04 1.109175828568754844e-03 1.109175828568755061e-03 1.251140212287250907e-03
3.212711558715522454e-04 3.212711558715535464e-04 6.291629514132303759e-04 1.107865740050807289e-03 1.107865740050807506e-03 1.250056183695248940e-03
3.234956063128790050e-04 3.234956063128804145e-04 6.363711564892432721e-04 1.106596053908763793e-03 1.106596053908763793e-03 1.248892928967029964e-03
3.256402649546842566e-04 3.256402649546849071e-04 6.435485442276278872e-04 1.105368224431919899e-03 1.105368224431920116e-03 1.247651072722448734e-03
3.277053234681998376e-04 3.277053234682007592e-04 6.506949071954376421e-04 1.104183581447157033e-03 1.104183581447157250e-03 1.246331287925681605e-03
3.296911003282684913e-04 3.296911003282691961e-04 6.578100333473911382e-04 1.103043325309943428e-03 1.103043325309943428e-03 1.244934292060112264e-03
3.315980407143122983e-04 3.315980407143130572e-04 6.648937054640548542e-04 1.101948522534409352e-03 1.101948522534409352e-03 1.243460843429083570e-03
3.334267158096609505e-04 3.334267158096613300e-04 6.719457005887329330e-04 1.100900102085145818e-03 1.100900102085146251e-03 1.241911737586746728e-03
3.351778214749289667e-04 3.351778214749303220e-04 6.789657893976422127e-04 1.099898852366027347e-03 1.099898852366027347e-03 1.240287803924969854e-03
3.368521763117087288e-04 3.368521763117094336e-04 6.859537355643983416e-04 1.098945418915470715e-03 1.098945418915471149e-03 1.238589902416096936e-03
3.384507191047291192e-04 3.384507191047302034e-04 6.929092950508750244e-04 1.098040302830846334e-03 1.098040302830846334e-03 1.236818920538563550e-03
3.399745056693135453e-04 3.399745056693145211e-04 6.998322153836413189e-04 1.097183859919728579e-03 1.097183859919728579e-03 1.234975770383304377e-03
3.414247051062017273e-04 3.414247051062025947e-04 7.067222348490862643e-04 1.096376300586775557e-03 1.096376300586775774e-03 1.233061385968451783e-03
3.428025954982832956e-04 3.428025954982842714e-04 7.135790816504780382e-04 1.095617690443456433e-03 1.095617690443456433e-03 1.231076720762752652e-03
3.441095590727473474e-04 3.441095590727479979e-04 7.204024729996017038e-04 1.094907951631120041e-03 1.094907951631120474e-03 1.229022745435088626e-03
3.453470768591896658e-04 3.453470768591902079e-04 7.271921141150886753e-04 1.094246864840703716e-03 1.094246864840703933e-03 1.226900445849469059e-03
3.465167228920392525e-04 3.465167228920397946e-04 7.339476971658125863e-04 1.093634071999626325e-03 1.093634071999626542e-03 1.224710821304909013e-03
3.476201579893078704e-04 3.476201579893085751e-04 7.406689000874414194e-04 1.093069079602411583e-03 1.093069079602412234e-03 1.222454883053049725e-03
3.486591231662652967e-04 3.486591231662660557e-04 7.473553853199261425e-04 1.092551262644468222e-03 1.092551262644468656e-03 1.220133653090160926e-03
3.496354327243216486e-04 3.496354327243222449e-04 7.540067983901008750e-04 1.092079869125575685e-03 1.092079869125576119e-03 1.217748163260184936e-03
3.505509670765275649e-04 3.505509670765279986e-04 7.606227663681542359e-04 1.091654025076205497e-03 1.091654025076205931e-03 1.215299454672625484e-03
3.514076653612233981e-04 3.514076653612243739e-04 7.672028961561723048e-04 1.091272740062884791e-03 1.091272740062885008e-03 1.212788577463241087e-03
3.522075178979777559e-04 3.522075178979790027e-04 7.737467725638227716e-04 1.090934913125341616e-03 1.090934913125341833e-03 1.210216590930160126e-03
3.529525585486438240e-04 3.529525585486444203e-04 7.802539561869140019e-04 1.090639339092739149e-03 1.090639339092739149e-03 1.207584564056860509e-03
3.536448570323923917e-04 3.536448570323930964e-04 7.867239809943130406e-04 1.090384715231356360e-03 1.090384715231356577e-03 1.204893576478190554e-03
3.542865112572534812e-04 3.542865112572541860e-04 7.931563516394500276e-04 1.090169648169248950e-03 1.090169648169249167e-03 1.202144719906073815e-03
3.548796397149293056e-04 3.548796397149297393e-04 7.995505403860540469e-04 1.089992661049418460e-03 1.089992661049418677e-03 1.199339100086150743e-03
3.554263739963917394e-04 3.554263739963926610e-04 8.059059836461500903e-04 1.089852200858797138e-03 1.089852200858797355e-03 1.196477839317259184e-03
3.559288514708402172e-04 3.559288514708409761e-04 8.122220780013203857e-04 1.089746645885937776e-03 1.089746645885938210e-03 1.193562079625261688e-03
3.563892081773526138e-04 3.563892081773536438e-04 8.184981756665021466e-04 1.089674313258749347e-03 1.089674313258749564e-03 1.190592986652487442e-03
3.568095719682888448e-04 3.568095719682896037e-04 8.247335792745214911e-04 1.089633466518028209e-03 1.089633466518028643e-03 1.187571754367831986e-03
3.571920559403228405e-04 3.571920559403236536e-04 8.309275358396805370e-04 1.089622323184355739e-03 1.089622323184356173e-03 1.184499610724243628e-03
3.575387521886053111e-04 3.575387521886059074e-04 8.370792297951115549e-04 1.089639062278461787e-03 1.089639062278462004e-03 1.181377824385271150e-03
3.578517259081663267e-04 3.578517259081671399e-04 8.431877748680499489e-04 1.089681831758977561e-03 1.089681831758977995e-03 1.178207712721440585e-03
3.581330098690943737e-04 3.581330098690949158e-04 8.492522046295270747e-04 1.089748755844280369e-03 1.089748755844280586e-03 1.174990651261150366e-03
3.583845992806237177e-04 3.583845992806243140e-04 8.552714613964555517e-04 1.089837942188492991e-03 1.089837942188493208e-03 1.171728084884000572e-03
3.586084470599851205e-04 3.586084470599854458e-04 8.612443832019707479e-04 1.089947488885381578e-03 1.089947488885382012e-03 1.168421541054458397e-03
3.588064595137024589e-04 3.588064595137028384e-04 8.671696884138172618e-04 1.090075491277118841e-03 1.090075491277119491e-03 1.165072645499443463e-03
3.589804924351504994e-04 3.589804924351507704e-04 8.730459574876810744e-04 1.090220048547703002e-03 1.090220048547703218e-03 1.161683140828246360e-03
3.591323476197405182e-04 3.591323476197414398e-04 8.788716112829159230e-04 1.090379270085354516e-03 1.090379270085354950e-03 1.158254908678032396e-03
3.592637697918071404e-04 3.592637697918080078e-04 8.846448851243975727e-04 1.090551281599291562e-03 1.090551281599291778e-03 1.154789996170811888e-03
3.593764439367743411e-04 3.593764439367752085e-04 8.903637977102997524e-04 1.090734230981616317e-03 1.090734230981616534e-03 1.151290647596911769e-03
3.594719930256671625e-04 3.594719930256684093e-04 8.960261136185171177e-04 1.090926293905037769e-03 1.090926293905038419e-03 1.147759342542726321e-03
3.595519761184404173e-04 3.595519761184410678e-04 9.016292979632492717e-04 1.091125679152638072e-03 1.091125679152638072e-03 1.144198841924607855e-03
3.596178868275382804e-04 3.596178868275388767e-04 9.071704612595508487e-04 1.091330633675056819e-03 1.091330633675057253e-03 1.140612243843937496e-03
3.596711521223621170e-04 3.596711521223629844e-04 9.126462921464094163e-04 1.091539447375436704e-03 1.091539447375436704e-03 1.137003051621082337e-03
3.597131314520696645e-04 3.597131314520699897e-04 9.180529749282401739e-04 1.091750457622486835e-03 1.091750457622486835e-03 1.133375257034453451e-03
3.597451161626652807e-04 3.597451161626654434e-04 9.233860880941066607e-04 1.091962053493521602e-03 1.091962053493521819e-03 1.129733442593725944e-03
3.597683291833002491e-04 3.597683291833008996e-04 9.286404790212355459e-04 1.092172679752826921e-03 1.092172679752827572e-03 1.126082907646696555e-03
3.597839249549228966e-04 3.597839249549230592e-04 9.338101087395623634e-04 1.092380840568547493e-03 1.092380840568548143e-03 1.122429824420936775e-03
3.597929895743455899e-04 3.597929895743458067e-04 9.388878592310800691e-04 1.092585102976000857e-03 1.092585102976001074e-03 1.118781431535563909e-03
3.597965411258620102e-04 3.597965411258625523e-04 9.438652939138103938e-04 1.092784100092353316e-03 1.092784100092353532e-03 1.115146274313081384e-03
3.597955301727905368e-04 3.597955301727908078e-04 9.487323602039254801e-04 1.092976534091480521e-03 1.092976534091480737e-03 1.111534503003244485e-03
3.597908403812354354e-04 3.597908403812357064e-04 9.534770213608820223e-04 1.093161178946155465e-03 1.093161178946155899e-03 1.107958241703684661e-03
3.597832892489469182e-04 3.597832892489476772e-04 9.580848040777895916e-04 1.093336882945047462e-03 1.093336882945047678e-03 1.104432041507010312e-03
3.597736289127545831e-04 3.597736289127548000e-04 9.625382498403970474e-04 1.093502570993968356e-03 1.093502570993968573e-03 1.100973429854624000e-03
3.597625470090297763e-04 3.597625470090300473e-04 9.668162643137976362e-04 1.093657246707811998e-03 1.093657246707812431e-03 1.097603561823424535e-03
3.597506675626707131e-04 3.597506675626721767e-04 9.708933746029275785e-04 1.093799994302679587e-03 1.093799994302679804e-03 1.094347963504955579e-03
3.597385518815178788e-04 3.597385518815185293e-04 9.747389358218016197e-04 1.091237326029128067e-03 1.093929980294330948e-03 1.093929980294331165e-03
3.597266994344486095e-04 3.597266994344490432e-04 9.783163859498466425e-04 1.088308251258865780e-03 1.094046455011626461e-03 1.094046455011626678e-03
3.597155486932299921e-04 3.597155486932302631e-04 9.815827409898200077e-04 1.085603757130634969e-03 1.094148753930509685e-03 1.094148753930509685e-03
3.597054779197377331e-04 3.597054779197379499e-04 9.844886527110164719e-04 1.083173220359930381e-03 1.094236298835813250e-03 1.094236298835813467e-03
3.596968058822464127e-04 3.596968058822474427e-04 9.869794919814521301e-04 1.081071293502781396e-03 1.094308598816099787e-03 1.094308598816100004e-03
3.596897924863871193e-04 3.596897924863878241e-04 9.889979879563130360e-04 1.079355266103024756e-03 1.094365251096444773e-03 1.094365251096445207e-03
3.596846393083862124e-04 3.596846393083864835e-04 9.904887903900464700e-04 1.078080502659070758e-03 1.094405941714040632e-03 1.094405941714040849e-03
3.596814900205186154e-04 3.596814900205191033e-04 9.914047626443712492e-04 1.077294149832981867e-03 1.094430446039616452e-03 1.094430446039616669e-03
3.596804307006917713e-04 3.596804307006921508e-04 9.917138815958418709e-04 1.077028236699818222e-03 1.094438629148017416e-03 1.094438629148017849e-03
3.597267668402712323e-04 3.597549743878260655e-04 9.916265512252408088e-04 1.076893234254611793e-03 1.094506304037733873e-03 1.094507058796780367e-03
3.598656663034016244e-04 3.599784281143157552e-04 9.913653723714215861e-04 1.076494743176641426e-03 1.094705908828192244e-03 1.094708535686620722e-03
3.600968027382917078e-04 3.603502610689225606e-04 9.909327461769406892e-04 1.075850317452145457e-03 1.095017857322151201e-03 1.095042980727329489e-03
3.604196339343857859e-04 3.608695925211150620e-04 9.903325595169547042e-04 1.074983833121984653e-03 1.095419415142130778e-03 1.095505848783517302e-03
3.608334043636902836e-04 3.615351976790712055e-04 9.895700248530767910e-04 1.073920589038441630e-03 1.095885825367834410e-03 1.096092062924468704e-03
3.613371486912342789e-04 3.623455157393068666e-04 9.886514785349084268e-04 1.072683947763598128e-03 1.096394422663412183e-03 1.096795461793316712e-03
3.619296962129196012e-04 3.632986599887653707e-04 9.875841553321801792e-04 1.071293791025872480e-03 1.096926178159685593e-03 1.097609025621988079e-03
3.626096761614450419e-04 3.643924297759174404e-04 9.863759567373363291e-04 1.069766255176098991e-03 1.097465964413234978e-03 1.098525108591077906e-03
3.633755238178450935e-04 3.656243241494133603e-04 9.850352282005890581e-04 1.068114116736018420e-03 1.098002170343897891e-03 1.099535662367021917e-03
3.642254873537864265e-04 3.669915569332729880e-04 9.835705567961302697e-04 1.066347398807691556e-03 1.098526095382156009e-03 1.100632439313235789e-03
3.651576353208059607e-04 3.684910729872166728e-04 9.819905966983451077e-04 1.064473978519335463e-03 1.099031342653762882e-03 1.101807167991810787e-03
3.661698647060778562e-04 3.701195654036938871e-04 9.803039259555950454e-04 1.062500109529218020e-03 1.099513297170139937e-03 1.103051697459167535e-03
3.672599094571842460e-04 3.718734933665482400e-04 9.785189348888092154e-04 1.060430840949445506e-03 1.099968707672473135e-03 1.104358110024447615e-03
3.684253493924272323e-04 3.737491004228690110e-04 9.766437441142104825e-04 1.058270341682851978e-03 1.100395363122655314e-03 1.105718804459628144e-03
3.696636193952487965e-04 3.757424328972678727e-04 9.746861487913110848e-04 1.056022147424380640e-03 1.100791846602022696e-03 1.107126553055536857e-03
3.709720188115747056e-04 3.778493582192319808e-04 9.726535849782559119e-04 1.053689347610382984e-03 1.101157349318747066e-03 1.108574536627823532e-03
3.723477209515109790e-04 3.800655829166738205e-04 9.705531138777513884e-04 1.051274726951679237e-03 1.101491530102194361e-03 1.110056361683962184e-03
3.737877826193330998e-04 3.823866700765891262e-04 9.683914199659726749e-04 1.048780872998942475e-03 1.101794408922297840e-03 1.111566063744167093e-03
3.752891535893730494e-04 3.848080560756550711e-04 9.661748194670871604e-04 1.046210258416548468e-03 1.102066285761508059e-03 1.113098100343186316e-03
3.768486859498944817e-04 3.873250664030419691e-04 9.639092761820013035e-04 1.043565304414184169e-03 1.102307678396446076e-03 1.114647336693968573e-03
3.784631432590468761e-04 3.899329304450278345e-04 9.616004222133984211e-04 1.040848430067644725e-03 1.102519274341114868e-03 1.116209026453040013e-03
3.801292094406547527e-04 3.926267950858563431e-04 9.592535816815290876e-04 1.038062091048002223e-03 1.102701893452207819e-03 1.117778789485107758e-03
3.818434973829657971e-04 3.954017370465511016e-04 9.568737959383747911e-04 1.035208810314681158e-03 1.102856458618350693e-03 1.119352588097841800e-03
3.836025571834327788e-04 3.982527738601453790e-04 9.544658492085277609e-04 1.032291202707858596e-03 1.102983972618690970e-03 1.120926702809223966e-03
3.854028840167258909e-04 4.011748734446984768e-04 9.520342938561228516e-04 1.029311994845617546e-03 1.103085499725774826e-03 1.122497708426108435e-03
3.872409255955807164e-04 4.041629622299232468e-04 9.495834747421362737e-04 1.026274041402281323e-03 1.103162150980583050e-03 1.124062450954053070e-03
3.891130892014085341e-04 4.072119318103997157e-04 9.471175523226079297e-04 1.023180338584123248e-03 1.103215072328748731e-03 1.125618025671944493e-03
3.910157482881297924e-04 4.103166441457947885e-04 9.446405242526717191e-04 1.020034035394379443e-03 1.103245435000034785e-03 1.127161756580705642e-03
3.929452486413369705e-04 4.134719352973400099e-04 9.421562454014535898e-04 1.016838443182634198e-03 1.103254427654884722e-03 1.128691177308235611e-03
3.948979141156486379e-04 4.166726177588785411e-04 9.396684462106767548e-04 1.013597043808968368e-03 1.103243249930102718e-03 1.130204013507792862e-03
3.968700519459196930e-04 4.199134813990155427e-04 9.371807494237489921e-04 1.010313496725583939e-03 1.103213107095831792e-03 1.131698166708736868e-03
3.988579576694941818e-04 4.231892931010249265e-04 9.346966851990994420e-04 1.006991645155141816e-03 1.103165205597951776e-03 1.133171699573314300e-03
4.008579196681911713e-04 4.264947951432283596e-04 9.322197046853181006e-04 1.003635521549922941e-03 1.103100749307262809e-03 1.134622822465480331e-03
4.028662233755539359e-04 4.298247024261489676e-04 9.297531921063593172e-04 1.000249352421181794e-03 1.103020936333275800e-03 1.136049881250462447e-03
4.048791551806402806e-04 4.331736986336460734e-04 9.273004754335807849e-04 9.968375626238082030e-04 1.102926956289095820e-03 1.137451346223872966e-03
4.068930060641055661e-04 4.365364314278529249e-04 9.248648357205471954e-04 9.934047791502584497e-04 1.102819987916805328e-03 1.138825802069405460e-03
4.089040750264568086e-04 4.399075068250643539e-04 9.224495151485016461e-04 9.899558344247491766e-04 1.102701196999661794e-03 1.140171938760823137e-03
4.109086723400153440e-04 4.432814828616642405e-04 9.200577238640385378e-04 9.864957691156511516e-04 1.102571734503197953e-03 1.141488543306331746e-03
4.129031226949760871e-04 4.466528627355787428e-04 9.176926456405001646e-04 9.830298343963491704e-04 1.102432734897072211e-03 1.142774492264072650e-03
4.148837682763878258e-04 4.500160875666608137e-04 9.153574424313518608e-04 9.795634936198703742e-04 1.102285314620835401e-03 1.144028744939561484e-03
4.168469718424186194e-04 4.533655289928525674e-04 9.130552578389231370e-04 9.761024232908207567e-04 1.102130570662539135e-03 1.145250337203923205e-03
4.187891198551703083e-04 4.566954818070641524e-04 9.107892195400034288e-04 9.726525132247379468e-04 1.101969579226517830e-03 1.146438375864885497e-03
4.207066257157280578e-04 4.600001568634867321e-04 9.085624407038332554e-04 9.692198657562159630e-04 1.101803394472013588e-03 1.147592033529561953e-03
4.225959331737407561e-04 4.632736745403453951e-04 9.063780204112313003e-04 9.658107937930770570e-04 1.101633047306915195e-03 1.148710543915799388e-03
4.244535199492694409e-04 4.665100590196947887e-04 9.042390431164457846e-04 9.624318175382609673e-04 1.101459544226932345e-03 1.149793197555524539e-03
4.262759016365077450e-04 4.697032337312683067e-04 9.021485771512112320e-04 9.590896596089382078e-04 1.101283866190470905e-03 1.150839337859573290e-03
4.280596359207215198e-04 4.728470182747297463e-04 9.001096723098557474e-04 9.557912383143721399e-04 1.101106967524901259e-03 1.151848357497563258e-03
4.298013271689765354e-04 4.759351272193555228e-04 8.981253565157415681e-04 9.525436587640644884e-04 1.100929774858732356e-03 1.152819695070637354e-03
4.314976314163092449e-04 4.789611711453491648e-04 8.961986316093244805e-04 9.493542015126931605e-04 1.100753186078894585e-03 1.153752832039687658e-03
4.331452617907664338e-04 4.819186603593584120e-04 8.943324682685144201e-04 9.462303083753342186e-04 1.100578069310818646e-03 1.154647289891763771e-03
4.347409943940866873e-04 4.848010116951785532e-04 8.925298000979833965e-04 9.431795650674478469e-04 1.100405261921765356e-03 1.155502627519955144e-03
4.362816746462291331e-04 4.876015588121692767e-04 8.907935169291976559e-04 9.402096803206868398e-04 1.100235569548639126e-03 1.156318438795719090e-03
4.377642241070651453e-04 4.903135664193178410e-04 8.891264573628876455e-04 9.373284611066095683e-04 1.100069765150410222e-03 1.157094350323520631e-03
4.391856477513404440e-04 4.929302487770914143e-04 8.875314006233438495e-04 9.345437836770122001e-04 1.099908588088452854e-03 1.157830019356175400e-03
4.405430416883940564e-04 4.954447928298115087e-04 8.860110577723787030e-04 9.318635601241532281e-04 1.099752743235378038e-03 1.158525131866174323e-03
4.418336012777216056e-04 4.978503861985497962e-04 8.845680623720301398e-04 9.292957002880451213e-04 1.099602900116143818e-03 1.159179400755658675e-03
4.430546296013424326e-04 5.001402502081500352e-04 8.832049606699518551e-04 9.268480688898039907e-04 1.099459692082691183e-03 1.159792564201556986e-03
4.442035462252466225e-04 5.023076779676862369e-04 8.819242014096250566e-04 9.245284379240334980e-04 1.099323715525082901e-03 1.160364384125881594e-03
4.452778961703053357e-04 5.043460773714249397e-04 8.807281253769778983e-04 9.223444344933044714e-04 1.099195529121925171e-03 1.160894644783307030e-03
4.462753590115909556e-04 5.062490187280890234e-04 8.796189547929609285e-04 9.203034844233414207e-04 1.099075653131461163e-03 1.161383151464729854e-03
4.471937579951827603e-04 5.080102864894530746e-04 8.785987826914982762e-04 9.184127522343618925e-04 1.098964568726767737e-03 1.161829729307258755e-03
4.480310690713745899e-04 5.096239343700022240e-04 8.776695624080750558e-04 9.166790782181762900e-04 1.098862717375984933e-03 1.162234222211665571e-03
4.487854297165421282e-04 5.110843428924586500e-04 8.768330973309124664e-04 9.151089136274827849e-04 1.098770500270623970e-03 1.162596491859691546e-03
4.494551474279707363e-04 5.123862782142091406e-04 8.760910310507002714e-04 9.137082551583819998e-04 1.098688277802701641e-03 1.162916416832695046e-03
4.500387077576797640e-04 5.135249508692911946e-04 8.754448380628391396e-04 9.124825801267201497e-04 1.098616369093201707e-03 1.163193891825916150e-03
4.505347817651437158e-04 5.144960729349892401e-04 8.748958151588049226e-04 9.114367838595048175e-04 1.098555051572558264e-03 1.163428826959433861e-03
4.509422327643289362e-04 5.152959120191780932e-04 8.744450736466731315e-04 9.105751209334994904e-04 1.098504560614728615e-03 1.163621147183123861e-03
4.512601222498344275e-04 5.159213404402959854e-04 8.740935325292366852e-04 9.099011519136653101e-04 1.098465089225985833e-03 1.163770791774163113e-03
4.514877149015662588e-04 5.163698780302190903e-04 8.738419127510602645e-04 9.094176971816361364e-04 1.098436787788933423e-03 1.163877713927705809e-03
4.516244825747955244e-04 5.166397271118072310e-04 8.736907326171573611e-04 9.091267993202392390e-04 1.098419763862867491e-03 1.163941880438441271e-03
4.516701072054626507e-04 5.167297984319972268e-04 8.736403044601428244e-04 9.090296952862757110e-04 1.098414082040668344e-03 1.163963271473933241e-03
4.516059497639128041e-04 5.166604819855932047e-04 8.734055310778580722e-04 9.092493675852128055e-04 1.098429875706492505e-03 1.163986520576883567e-03
4.514134543276959169e-04 5.164529345795215547e-04 8.727184782866607938e-04 9.098915460265744526e-04 1.098477269064401882e-03 1.164056055395670374e-03
4.510925375404545822e-04 5.161083630736777164e-04 8.716252818295878828e-04 9.109113852464298432e-04 1.098556298327659116e-03 1.164171240328160887e-03
4.506430148129878877e-04 5.156287816155758277e-04 8.701878713590209839e-04 9.122491183426269983e-04 1.098667020997055660e-03 1.164331022231867609e-03
4.500645355848778453e-04 5.150170128445156993e-04 8.684710305275214828e-04 9.138430144575127815e-04 1.098809511713686468e-03 1.164533939605910803e-03
4.493565001686976226e-04 5.142766838943966601e-04 8.665341961512822502e-04 9.156376033455845007e-04 1.098983856711611799e-03 1.164778135230760828e-03
4.485179655435847577e-04 5.134122116357765948e-04 8.644282260393113849e-04 9.175869363080218577e-04 1.099190147109308999e-03 1.165061372066059607e-03
4.475475493709474045e-04 5.124287702628694315e-04 8.621953343079517178e-04 9.196546833410570261e-04 1.099428471316405993e-03 1.165381052163371768e-03
4.464433431268560108e-04 5.113322332638806263e-04 8.598704370481136203e-04 9.218128219704347943e-04 1.099698906857010791e-03 1.165734238324118988e-03
4.452028464302002463e-04 5.101290812347538490e-04 8.574828466700102660e-04 9.240399774447160750e-04 1.100001511914630451e-03 1.166117678211554777e-03
4.438229351181048241e-04 5.088262671419550246e-04 8.550578353516362752e-04 9.263198914946667089e-04 1.100336316891632228e-03 1.166527830614952571e-03
4.422998750500571554e-04 5.074310318065221792e-04 8.526179143871908143e-04 9.286401701090848037e-04 1.100703316253997133e-03 1.166960893566448354e-03
4.406293917246187786e-04 5.059506649336410452e-04 8.501838207968188737e-04 9.309913158126656690e-04 1.101102460891199191e-03 1.167412834009563935e-03
4.388068022289546796e-04 5.043922111175804402e-04 8.477752519726556787e-04 9.333660001075869345e-04 1.101533651183378730e-03 1.167879418734638899e-03
4.368272108367467535e-04 5.027621260349444390e-04 8.454113973533053297e-04 9.357585231327174508e-04 1.101996730914455097e-03 1.168356246300499262e-03
4.346857628851800255e-04 5.010658950922553890e-04 8.431113094889885941e-04 9.381644138776883178e-04 1.102491482129246830e-03 1.168838779682573447e-03
4.323779442152658812e-04 4.993076344602836222e-04 8.408941468992048394e-04 9.405801340011464388e-04 1.103017620980070723e-03 1.169322379392496785e-03
4.298999064632552311e-04 4.974897014000222032e-04 8.387793118741691768e-04 9.430028574629880592e-04 1.103574794574429868e-03 1.169802336834157306e-03
4.272487933373225115e-04 4.956123456881882366e-04 8.367864991944595938e-04 9.454303055063780414e-04 1.104162578796270789e-03 1.170273907668205673e-03
4.244230409372347205e-04 4.936734353463592510e-04 8.349356666629714372e-04 9.478606220794269467e-04 1.104780477044172262e-03 1.170732344968257585e-03
4.214226269390307106e-04 4.916682868957826394e-04 8.332469351438743892e-04 9.502922788838544200e-04 1.105427919814029386e-03 1.171172931967766036e-03
4.182492491002904027e-04 4.895896230717523053e-04 8.317404242760205414e-04 9.527240021467476856e-04 1.106104265028971974e-03 1.171591014200424729e-03
4.149064218848327748e-04 4.874276701938893923e-04 8.304360297974321429e-04 9.551547153787613795e-04 1.106808799020173300e-03 1.171982030857378300e-03
4.113994895746114376e-04 4.851703950408464347e-04 8.293531493696417768e-04 9.575834938705395398e-04 1.107540738045632378e-03 1.172341545190057083e-03
4.077355629756590364e-04 4.828038689481141659e-04 8.285103655404415244e-04 9.600095278273608696e-04 1.108299230242699345e-03 1.172665273809560997e-03
4.039233934160035388e-04 4.803127367558168823e-04 8.279250968247273525e-04 9.624320918260947325e-04 1.109083357904730883e-03 1.172949114746066768e-03
3.999732012984051101e-04 4.776807611876649493e-04 8.276132303794863677e-04 9.648505188713148986e-04 1.109892139974424539e-03 1.173189174151349204e-03
3.958964770103895947e-04 4.748914095931447920e-04 8.275887520009631059e-04 9.672641777891220890e-04 1.110724534657983251e-03 1.173381791550970202e-03
3.917057702724873998e-04 4.719284496081216601e-04 8.278633907578313370e-04 9.696724529841508223e-04 1.111579442055965527e-03 1.173523563570318552e-03
3.874144807104141705e-04 4.687765224908087150e-04 8.284462960684584217e-04 9.720747258723666257e-04 1.112455706725066530e-03 1.173611366086579639e-03
3.830366587488365769e-04 4.654216672050156167e-04 8.293437641822617046e-04 9.744703574426158291e-04 1.113352120073947491e-03 1.173642374778888177e-03
3.785868222588422696e-04 4.618517739320201891e-04 8.305590287257746084e-04 9.768586715844039103e-04 1.114267422515004269e-03 1.173614084076171930e-03
3.740797914760230478e-04 4.580569522426425192e-04 8.320921263335201304e-04 9.792389388853307060e-04 1.115200305281569340e-03 1.173524324524201573e-03
3.695305424220297853e-04 4.540298059176942330e-04 8.339398437624415475e-04 9.816103607258183043e-04 1.116149411836965229e-03 1.173371278617997907e-03
3.649540776556926022e-04 4.497656130526022549e-04 8.360957477506956960e-04 9.839720535445724801e-04 1.117113338796259150e-03 1.173153495166859468e-03
3.603653123839401363e-04 4.452624160421825099e-04 8.385502938113024085e-04 9.863230332067996105e-04 1.118090636284964356e-03 1.172869902281121340e-03
3.557789736168523497e-04 4.405210308890008630e-04 8.412910057232106213e-04 9.886621994814985548e-04 1.119079807673480868e-03 1.172519819085713873e-03
3.512095101674665449e-04 4.355449888881375575e-04 8.443027140345682425e-04 9.909883206427247664e-04 1.120079308617553775e-03 1.172102966284525871e-03
3.466710114722055657e-04 4.303404257297747601e-04 8.475678397984978034e-04 9.933000182952927103e-04 1.121087545361743173e-03 1.171619475707192867e-03
3.421771336613383318e-04 4.249159337781766824e-04 8.510667089018302900e-04 9.955957525254570395e-04 1.122102872258066162e-03 1.171069898983705462e-03
3.377410316522082160e-04 4.192823925991996659e-04 8.547778827687013779e-04 9.978738075556525897e-04 1.123123588484744619e-03 1.170455215489820799e-03
3.333752964993528058e-04 4.134527912849370133e-04 8.586784925105834035e-04 1.000132278099753009e-03 1.124147933962321797e-03 1.169776839706920942e-03
3.290918976213869931e-04 4.074420539264634396e-04 8.627445655329790946e-04 1.002369056655114761e-03 1.125174084492426563e-03 1.169036628131398274e-03
3.249021298234176010e-04 4.012668770081887848e-04 8.669513359081004083e-04 1.004581822027154079e-03 1.126200146189624803e-03 1.168236885842781955e-03
3.208165653926519398e-04 3.949455850197299326e-04 8.712735320682616193e-04 1.006768029379171737e-03 1.127224149302651860e-03 1.167380372820453092e-03
3.168450116998441164e-04 3.884980080473457551e-04 8.756856375999580357e-04 1.008924902166793329e-03 1.128244041589255946e-03 1.166470310042502269e-03
3.129964749890671856e-04 3.819453830484876395e-04 8.801621227193615624e-04 1.011049426293496572e-03 1.129257681446822412e-03 1.165510385354131010e-03
3.092791310758508886e-04 3.753102785372462290e-04 8.846776456266291448e-04 1.013138346869499936e-03 1.130262831082202556e-03 1.164504758997949576e-03
3.057003037980118160e-04 3.686165409600080669e-04 8.892072240592082929e-04 1.015188167909245737e-03 1.131257150052632958e-03 1.163458068610424660e-03
3.022664519924544058e-04 3.618892596326698055e-04 8.937263783300952941e-04 1.017195155313044145e-03 1.132238189593797297e-03 1.162375433342639547e-03
2.989831657445152333e-04 3.551547460631559647e-04 8.982112477396107233e-04 1.019155343416973565e-03 1.133203388206166159e-03 1.161262456609386297e-03
2.958551725308322103e-04 3.484405224974707364e-04 9.026386827098568412e-04 1.021064545341621166e-03 1.134150069028391728e-03 1.160125226773739892e-03
2.928863536710401140e-04 3.417753135364037082e-04 9.069863153718815294e-04 1.022918367324912288e-03 1.135075439579671421e-03 1.158970314829305039e-03
2.900797713384342582e-04 3.351890338714655880e-04 9.112326115258069818e-04 1.024712227124621950e-03 1.135976594460492246e-03 1.157804767891835096e-03
2.874377060699045082e-04 3.287127641630113988e-04 9.153569071960532873e-04 1.026441376547898663e-03 1.136850521613405260e-03 1.156636096995946597e-03
2.849617044930840659e-04 3.223787063139995929e-04 9.193394331262412815e-04 1.028100928085332218e-03 1.137694112689538548e-03 1.155472257402907852e-03
2.826526366526103951e-04 3.162201084758917125e-04 9.231613308044121086e-04 1.029685885637849968e-03 1.138504178002324070e-03 1.154321619306165631e-03
2.805107620595136196e-04 3.102711495695980107e-04 9.268046636979568754e-04 1.031191179322812337e-03 1.139277466418447656e-03 1.153192926576882861e-03
2.785358033107713659e-04 3.045667728417166594e-04 9.302524274306965329e-04 1.032611704400413118e-03 1.140010690370975559e-03 1.152095241031159990e-03
2.767270258589733236e-04 2.991424582449712282e-04 9.334885625873762119e-04 1.033942364456009360e-03 1.140700555981002690e-03 1.151037869689861730e-03
2.750833223382454732e-04 2.940339247113652279e-04 9.364979735002272642e-04 1.035178119031606933e-03 1.141343798022355837e-03 1.150030272759540884e-03
2.736032996546415162e-04 2.892767556092085439e-04 9.392665559217728243e-04 1.036314035968527838e-03 1.141937219215965896e-03 1.149081950605240071e-03
2.722853669751493645e-04 2.849059444898975981e-04 9.417812356379738018e-04 1.037345348647954104e-03 1.142477733059377989e-03 1.148202308964448070e-03
2.711278226656696575e-04 2.809553633727675270e-04 9.440300190623269116e-04 1.038267518136515733e-03 1.142962409151555706e-03 1.147400503034206112e-03
2.701289382603304996e-04 2.774571625988783144e-04 9.460020554877686090e-04 1.039076299818879031e-03 1.143388519734456600e-03 1.146685262913885693e-03
2.692870375792210378e-04 2.744411190021750816e-04 9.476877092532520579e-04 1.039767813494894963e-03 1.143753586003068944e-03 1.146064705042648419e-03
2.686005692345385439e-04 2.719339573766176260e-04 9.490786385798525258e-04 1.040338615102191213e-03 1.144055422615354763e-03 1.145546136594368953e-03
2.680681709136139321e-04 2.699586777270498203e-04 9.501678765350145186e-04 1.040785767342021105e-03 1.144292178798238897e-03 1.145135861948983359e-03
2.676887240103833598e-04 2.685339263412909452e-04 9.509499086625513220e-04 1.041106905691344380e-03 1.144462374497220080e-03 1.144839001984359651e-03
2.674613974082904453e-04 2.676734510949187532e-04 9.514207414047066384e-04 1.041300295761760130e-03 1.144564930147433076e-03 1.144659337660567386e-03
2.673856794510801721e-04 2.673856794510807143e-04 9.515779557394878768e-04 1.041364877936770943e-03 1.144599188865715218e-03 1.144599188865715435e-03
2.673831819661054302e-04 2.673831819661073275e-04 9.513961494581020051e-04 1.041530208201647909e-03 1.144597468949123476e-03 1.144597468949123910e-03
2.673756766950705641e-04 2.673756766950719736e-04 9.508546989331848748e-04 1.042022210917667316e-03 1.144592317882205416e-03 1.144592317882206067e-03
2.673631252158869837e-04 2.673631252158874174e-04 9.499650682116265489e-04 1.042829362792554570e-03 1.144583761695159435e-03 1.144583761695159435e-03
2.673454635791846926e-04 2.673454635791863189e-04 9.487450036400679266e-04 1.043933818845892061e-03 1.144571843710391959e-03 1.144571843710392393e-03
2.673226024393215864e-04 2.673226024393221285e-04 9.472168296756809875e-04 1.045313116761314564e-03 1.144556624450762282e-03 1.144556624450762498e-03
2.672944272373464726e-04 2.672944272373470689e-04 9.454055983199300241e-04 1.046942027679890206e-03 1.144538181511258346e-03 1.144538181511258563e-03
2.672607984356420506e-04 2.672607984356422132e-04 9.433373880025294495e-04 1.048794257607810546e-03 1.144516609394364767e-03 1.144516609394364984e-03
2.672215518037511788e-04 2.672215518037517751e-04 9.410379353795130311e-04 1.050843815973802938e-03 1.144492019309357924e-03 1.144492019309358358e-03
2.671764987546130675e-04 2.671764987546141517e-04 9.385316647376432293e-04 1.053065986642270652e-03 1.144464538935725459e-03 1.144464538935725676e-03
2.671254267308789871e-04 2.671254267308796919e-04 9.358410917515903480e-04 1.055437924637029051e-03 1.144434312151254443e-03 1.144434312151254660e-03
2.670680996400379452e-04 2.670680996400383246e-04 9.329865314225445480e-04 1.057938948743372297e-03 1.144401498724965157e-03 1.144401498724965157e-03
2.670042583378509963e-04 2.670042583378520263e-04 9.299860268468473868e-04 1.060550613341141495e-03 1.144366273975559647e-03 1.144366273975559647e-03
2.669336211589723082e-04 2.669336211589733382e-04 9.268554225531463108e-04 1.063256635728400748e-03 1.144328828395848891e-03 1.144328828395849325e-03
2.668558844933917014e-04 2.668558844933919725e-04 9.236085219658366798e-04 1.066042739375217853e-03 1.144289367243617834e-03 1.144289367243618051e-03
2.667707234079198797e-04 2.667707234079200965e-04 9.202572856675218186e-04 1.068896456435852607e-03 1.144248110099790883e-03 1.144248110099791100e-03
2.666777923112577755e-04 2.666777923112590223e-04 9.168120418220785999e-04 1.071806918155376398e-03 1.144205290394523884e-03 1.144205290394524101e-03
2.665767256609263987e-04 2.665767256609268866e-04 9.132816913265574691e-04 1.074764650598874008e-03 1.144161154901831255e-03 1.144161154901831472e-03
2.664671387113415075e-04 2.664671387113428085e-04 9.096738981617819844e-04 1.077761385236255436e-03 1.144115963203962355e-03 1.144115963203963006e-03
2.663486283005262628e-04 2.663486283005265880e-04 9.059952605036978657e-04 1.080789888813324558e-03 1.144069987125988534e-03 1.144069987125988751e-03
2.662207736746178698e-04 2.662207736746186829e-04 9.022514614058608573e-04 1.083843813701639621e-03 1.144023510141951991e-03 1.144023510141951991e-03
2.660831373481933860e-04 2.660831373481948496e-04 8.984473996517964916e-04 1.086917568124907540e-03 1.143976826753470913e-03 1.143976826753471563e-03
2.659352659980449549e-04 2.659352659980465813e-04 8.945873023258957280e-04 1.090006204708559049e-03 1.143930241841756290e-03 1.143930241841756290e-03
2.657766913897299842e-04 2.657766913897306889e-04 8.906748211060967887e-04 1.093105325353503719e-03 1.143884069994618351e-03 1.143884069994618351e-03
2.656069313334674773e-04 2.656069313334684530e-04 8.867131142969562506e-04 1.096211000405777122e-03 1.143838634809236747e-03 1.143838634809237181e-03
2.654254906686135556e-04 2.654254906686139351e-04 8.827049166067264981e-04 1.099319700122826544e-03 1.143794268172425733e-03 1.143794268172426166e-03
2.652318622741512192e-04 2.652318622741518697e-04 8.786525984511334326e-04 1.102428236649295344e-03 1.143751309519617544e-03 1.143751309519617761e-03
2.650255281023803527e-04 2.650255281023810032e-04 8.745582163569435349e-04 1.105533714923534992e-03 1.143710105073886046e-03 1.143710105073886046e-03
2.648059602351750209e-04 2.648059602351760509e-04 8.704235558762878685e-04 1.108633491109786229e-03 1.143671007066921017e-03 1.143671007066921234e-03
2.645726219585739177e-04 2.645726219585756525e-04 8.662501681461313996e-04 1.111725137409550791e-03 1.143634372943105361e-03 1.143634372943105578e-03
2.643249688550480272e-04 2.643249688550486235e-04 8.620394011257030654e-04 1.114806412225454162e-03 1.143600564548743299e-03 1.143600564548743516e-03
2.640624499105309435e-04 2.640624499105313230e-04 8.577924263384706198e-04 1.117875234845723976e-03 1.143569947307999284e-03 1.143569947307999501e-03
2.637845086327721654e-04 2.637845086327724907e-04 8.535102618092291682e-04 1.120929663952130147e-03 1.143542889387254595e-03 1.143542889387254811e-03
2.634905841808447705e-04 2.634905841808455294e-04 8.491937918241012273e-04 1.123967879331475494e-03 1.143519760850011859e-03 1.143519760850011859e-03
2.631801125005676294e-04 2.631801125005690930e-04 8.448437839635116907e-04 1.126988166326021307e-03 1.143500932803936943e-03 1.143500932803937376e-03
2.628525274656554056e-04 2.628525274656562188e-04 8.404609038587012226e-04 1.129988902580451307e-03 1.143486776542269488e-03 1.143486776542269705e-03
2.625072620212474039e-04 2.625072620212480544e-04 8.360457280031713054e-04 1.132968546747926053e-03 1.143477662681473663e-03 1.143477662681473880e-03
2.621437493261137997e-04 2.621437493261147213e-04 8.315987548948695039e-04 1.135925628872510576e-03 1.143473960297176732e-03 1.143473960297176949e-03
2.617614238930341211e-04 2.617614238930347174e-04 8.271204147795648432e-04 1.138858742184010618e-03 1.143476036060583163e-03 1.143476036060583163e-03
2.613597227238707832e-04 2.613597227238713253e-04 8.226110781860492167e-04 1.141766536108545583e-03 1.143484253377397356e-03 1.143484253377397572e-03
2.609380864353443973e-04 2.609380864353452647e-04 8.180710634090116243e-04 1.143498971531464172e-03 1.143498971531464172e-03 1.144647710331040671e-03
2.604959603763393997e-04 2.604959603763415139e-04 8.135006431235210049e-04 1.143520544835237339e-03 1.143520544835237773e-03 1.147501009737438493e-03
2.600327957300566551e-04 2.600327957300573056e-04 8.089000502063447076e-04 1.143549321789352107e-03 1.143549321789352324e-03 1.150325220142626786e-03
2.595480506020052952e-04 2.595480506020056747e-04 8.042694829069664021e-04 1.143585644253390567e-03 1.143585644253390567e-03 1.153119164673327684e-03
2.590411910901011016e-04 2.590411910901016979e-04 7.996091094406296892e-04 1.143629846630017568e-03 1.143629846630017785e-03 1.155881700726397359e-03
2.585116923325210710e-04 2.585116923325226973e-04 7.949190720617736999e-04 1.143682255064841892e-03 1.143682255064842109e-03 1.158611717435369289e-03
2.579590395352940801e-04 2.579590395352946764e-04 7.901994907220474167e-04 1.143743186663790995e-03 1.143743186663791211e-03 1.161308133555555939e-03
2.573827289719488954e-04 2.573827289719500338e-04 7.854504663186834658e-04 1.143812948730577733e-03 1.143812948730577950e-03 1.163969895740276381e-03
2.567822689574587847e-04 2.567822689574592184e-04 7.806720836205221234e-04 1.143891838025935500e-03 1.143891838025935716e-03 1.166595977135861679e-03
2.561571807925535293e-04 2.561571807925539087e-04 7.758644138956528012e-04 1.143980140050763258e-03 1.143980140050763691e-03 1.169185376263489002e-03
2.555069996740370344e-04 2.555069996740375765e-04 7.710275172582808879e-04 1.144078128355505023e-03 1.144078128355505023e-03 1.171737116160522776e-03
2.548312755743748024e-04 2.548312755743756697e-04 7.661614448063249231e-04 1.144186063876928647e-03 1.144186063876928864e-03 1.174250243727396935e-03
2.541295740820870091e-04 2.541295740820883643e-04 7.612662405252825512e-04 1.144304194305071883e-03 1.144304194305072317e-03 1.176723829279769165e-03
2.534014772065864706e-04 2.534014772065877716e-04 7.563419430226109557e-04 1.144432753481303090e-03 1.144432753481303307e-03 1.179156966259687928e-03
2.526465841436652216e-04 2.526465841436661974e-04 7.513885870954270388e-04 1.144571960829413038e-03 1.144571960829413038e-03 1.181548771094149833e-03
2.518645119975124473e-04 2.518645119975134773e-04 7.464062051328315336e-04 1.144722020821783244e-03 1.144722020821783677e-03 1.183898383190029255e-03
2.510548964623018648e-04 2.510548964623026780e-04 7.413948283984539292e-04 1.144883122481269886e-03 1.144883122481270103e-03 1.186204965034017055e-03
2.502173924598904932e-04 2.502173924598914689e-04 7.363544881910016665e-04 1.145055438920458647e-03 1.145055438920459081e-03 1.188467702391254226e-03
2.493516747293167217e-04 2.493516747293172096e-04 7.312852168765026804e-04 1.145239126920159431e-03 1.145239126920159648e-03 1.190685804597706307e-03
2.484574383742049883e-04 2.484574383742058014e-04 7.261870488460403766e-04 1.145434326546747837e-03 1.145434326546748271e-03 1.192858504915239809e-03
2.475343993583339918e-04 2.475343993583350760e-04 7.210600213552218829e-04 1.145641160811107680e-03 1.145641160811107897e-03 1.194985060963016290e-03
2.465822949559143664e-04 2.465822949559170227e-04 7.159041752971567361e-04 1.145859735368445981e-03 1.145859735368446415e-03 1.197064755196688675e-03
2.456008841531488675e-04 2.456008841531494638e-04 7.107195558985299633e-04 1.146090138260191489e-03 1.146090138260191706e-03 1.199096895435475523e-03
2.445899479969372700e-04 2.445899479969379747e-04 7.055062133267815368e-04 1.146332439699344332e-03 1.146332439699344766e-03 1.201080815436733531e-03
2.435492898988783628e-04 2.435492898988787422e-04 7.002642032589871451e-04 1.146586691897677826e-03 1.146586691897678043e-03 1.203015875493688167e-03
2.424787358840511692e-04 2.424787358840524161e-04 6.949935873632809291e-04 1.146852928937404717e-03 1.146852928937404934e-03 1.204901463071624207e-03
2.413781347931791602e-04 2.413781347931800005e-04 6.896944337424875922e-04 1.147131166685344365e-03 1.147131166685344365e-03 1.206736993459620478e-03
2.402473584349550486e-04 2.402473584349561870e-04 6.843668173260933612e-04 1.147421402750225345e-03 1.147421402750225779e-03 1.208521910440252213e-03
2.390863016847458503e-04 2.390863016847467990e-04 6.790108201955340683e-04 1.147723616483959817e-03 1.147723616483960251e-03 1.210255686978745950e-03
2.378948825397885056e-04 2.378948825397898608e-04 6.736265318923834134e-04 1.148037769024004605e-03 1.148037769024004822e-03 1.211937825911821092e-03
2.366730421196470058e-04 2.366730421196478731e-04 6.682140496568476267e-04 1.148363803379288126e-03 1.148363803379288343e-03 1.213567860651055229e-03
2.354207446225185850e-04 2.354207446225210516e-04 6.627734786457477843e-04 1.148701644556473535e-03 1.148701644556473535e-03 1.215145355881898544e-03
2.341379772344621187e-04 2.341379772344632571e-04 6.573049321141293108e-04 1.149051199726668689e-03 1.149051199726668906e-03 1.216669908261573457e-03
2.328247499878704921e-04 2.328247499878714950e-04 6.518085315436494050e-04 1.149412358432912304e-03 1.149412358432912304e-03 1.218141147117898651e-03
2.314810955813922087e-04 2.314810955813939163e-04 6.462844067673959242e-04 1.149784992834326953e-03 1.149784992834327387e-03 1.219558735132815659e-03
2.301070691491085966e-04 2.301070691491090032e-04 6.407326960360295708e-04 1.150168957989384892e-03 1.150168957989385326e-03 1.220922369023919214e-03
2.287027479915152502e-04 2.287027479915173102e-04 6.351535460747543800e-04 1.150564092173877659e-03 1.150564092173877876e-03 1.222231780208391221e-03
2.272682312655191657e-04 2.272682312655196807e-04 6.295471121139525027e-04 1.150970217233321250e-03 1.150970217233321250e-03 1.223486735452616533e-03
2.258036396302582434e-04 2.258036396302594631e-04 6.239135578773971928e-04 1.151387138969576542e-03 1.151387138969576542e-03 1.224687037508950934e-03
2.243091148592439793e-04 2.243091148592456598e-04 6.182530555645027919e-04 1.151814647557594922e-03 1.151814647557594922e-03 1.225832525729381086e-03
2.227848194163658288e-04 2.227848194163682140e-04 6.125657858107832251e-04 1.152252517991717755e-03 1.152252517991717972e-03 1.226923076658606969e-03
2.212309359920511937e-04 2.212309359920526031e-04 6.068519376079032582e-04 1.152700510561339292e-03 1.152700510561339943e-03 1.227958604608193720e-03
2.196476670146606605e-04 2.196476670146611755e-04 6.011117082340153642e-04 1.153158371350297999e-03 1.153158371350298432e-03 1.228939062200354749e-03
2.180352341231077233e-04 2.180352341231086449e-04 5.953453031362054273e-04 1.153625832762656062e-03 1.153625832762656496e-03 1.229864440891014670e-03
2.163938776159812164e-04 2.163938776159824904e-04 5.895529358157274502e-04 1.154102614069104976e-03 1.154102614069105193e-03 1.230734771461171892e-03
2.147238558740255387e-04 2.147238558740268398e-04 5.837348276974747190e-04 1.154588421973462044e-03 1.154588421973462911e-03 1.231550124479020934e-03
2.130254447520664343e-04 2.130254447520684130e-04 5.778912079643282402e-04 1.155082951199012768e-03 1.155082951199012768e-03 1.232310610733859451e-03
2.112989369568223585e-04 2.112989369568229277e-04 5.720223134079348510e-04 1.155585885088454773e-03 1.155585885088454773e-03 1.233016381633034826e-03
2.095446413952881299e-04 2.095446413952892141e-04 5.661283882361239656e-04 1.156096896220490519e-03 1.156096896220490736e-03 1.233667629569003190e-03
2.077628825103238050e-04 2.077628825103258650e-04 5.602096838885649082e-04 1.156615647036777833e-03 1.156615647036778266e-03 1.234264588248136073e-03
2.059539995998458880e-04 2.059539995998462946e-04 5.542664588414255569e-04 1.157141790478872449e-03 1.157141790478872449e-03 1.234807532983028464e-03
2.041183461152069022e-04 2.041183461152080948e-04 5.482989783810686673e-04 1.157674970635025292e-03 1.157674970635025509e-03 1.235296780948573914e-03
2.022562889565063151e-04 2.022562889565069928e-04 5.423075143992476003e-04 1.158214823390305015e-03 1.158214823390305015e-03 1.235732691395638894e-03
2.003682077478802356e-04 2.003682077478811301e-04 5.362923451485452232e-04 1.158760977083584396e-03 1.158760977083584829e-03 1.236115665826736064e-03
1.984544941106047887e-04 1.984544941106054121e-04 5.302537550105887237e-04 1.159313053164895153e-03 1.159313053164895153e-03 1.236446148127859791e-03
1.965155509297472690e-04 1.965155509297507655e-04 5.241920342572342411e-04 1.159870666853080696e-03 1.159870666853081347e-03 1.236724624657444720e-03
1.945517916093768187e-04 1.945517916093787974e-04 5.181074787841957394e-04 1.160433427793935686e-03 1.160433427793935903e-03 1.236951624291934143e-03
1.925636393349678668e-04 1.925636393349690052e-04 5.120003898705247298e-04 1.161000940712231125e-03 1.161000940712231342e-03 1.237127718424250620e-03
1.905515263245548881e-04 1.905515263245557555e-04 5.058710739013050741e-04 1.161572806061761214e-03 1.161572806061761214e-03 1.237253520916924187e-03
1.885158930872718810e-04 1.885158930872737242e-04 4.997198421070299726e-04 1.162148620666946224e-03 1.162148620666946441e-03 1.237329688006501933e-03
1.864571876843533634e-04 1.864571876843558300e-04 4.935470102993346235e-04 1.162727978356347660e-03 1.162727978356347877e-03 1.237356918159368416e-03
1.843758649875976304e-04 1.843758649875983893e-04 4.873528985842339096e-04 1.163310470588473002e-03 1.163310470588473870e-03 1.237335951877774299e-03
1.822723859496100591e-04 1.822723859496106825e-04 4.811378310920328381e-04 1.163895687064874038e-03 1.163895687064874255e-03 1.237267571454577679e-03
1.801472168810851074e-04 1.801472168810875198e-04 4.749021357053842410e-04 1.164483216330995446e-03 1.164483216330995880e-03 1.237152600676322311e-03
1.780008287290262567e-04 1.780008287290270428e-04 4.686461437642609924e-04 1.165072646365621035e-03 1.165072646365621469e-03 1.236991904473030762e-03
1.758336963756288688e-04 1.758336963756295735e-04 4.623701898025932180e-04 1.165663565152661590e-03 1.165663565152661590e-03 1.236786388514683234e-03
1.736462979369435191e-04 1.736462979369441154e-04 4.560746112520112981e-04 1.166255561240355995e-03 1.166255561240356212e-03 1.236536998752292343e-03
1.714391140810133090e-04 1.714391140810136072e-04 4.497597481675399533e-04 1.166848224281803476e-03 1.166848224281803693e-03 1.236244720903864440e-03
1.692126273593535591e-04 1.692126273593566490e-04 4.434259429541508556e-04 1.167441145557967554e-03 1.167441145557967987e-03 1.235910579884262140e-03
1.669673215449099903e-04 1.669673215449104240e-04 4.370735400725230067e-04 1.168033918484442978e-03 1.168033918484443195e-03 1.235535639176844761e-03
1.647036809968069446e-04 1.647036809968079475e-04 4.307028857795696850e-04 1.168626139096081741e-03 1.168626139096081958e-03 1.235121000148972897e-03
1.624221900295831449e-04 1.624221900295847170e-04 4.243143278380746299e-04 1.169217406515073079e-03 1.169217406515073296e-03 1.234667801307275364e-03
1.601233323071092640e-04 1.601233323071112155e-04 4.179082152510432105e-04 1.169807323396735094e-03 1.169807323396735311e-03 1.234177217495113863e-03
1.578075902543534393e-04 1.578075902543556890e-04 4.114848979992889082e-04 1.170395496354648427e-03 1.170395496354648861e-03 1.233650459030773226e-03
1.554754444795078579e-04 1.554754444795104871e-04 4.050447267602322560e-04 1.170981536366778224e-03 1.170981536366778658e-03 1.233088770783904824e-03
1.531273732272192035e-04 1.531273732272207485e-04 3.985880526641609142e-04 1.171565059157162088e-03 1.171565059157162522e-03 1.232493431194363722e-03
1.507638518393739340e-04 1.507638518393769427e-04 3.921152270213423266e-04 1.172145685559072056e-03 1.172145685559072489e-03 1.231865751227670955e-03
1.483853522440698868e-04 1.483853522440721094e-04 3.856266010762631684e-04 1.172723041854382238e-03 1.172723041854382671e-03 1.231207073271598645e-03
1.459923424653182100e-04 1.459923424653194568e-04 3.791225257671710313e-04 1.173296760091123393e-03 1.173296760091123610e-03 1.230518769972126095e-03
1.435852861454410296e-04 1.435852861454423035e-04 3.726033514685200831e-04 1.173866478381197041e-03 1.173866478381197257e-03 1.229802243006213784e-03
1.411646421012954116e-04 1.411646421012981492e-04 3.660694277732638138e-04 1.174431841173298637e-03 1.174431841173298853e-03 1.229058921797438614e-03
1.387308638896549292e-04 1.387308638896554984e-04 3.595211032474308573e-04 1.174992499507157995e-03 1.174992499507158429e-03 1.228290262167554747e-03
1.362843994028341819e-04 1.362843994028345614e-04 3.529587252139444568e-04 1.175548111244292858e-03 1.175548111244292858e-03 1.227497744930418268e-03
1.338256904865404626e-04 1.338256904865410318e-04 3.463826395434635485e-04 1.176098341277535949e-03 1.176098341277536383e-03 1.226682874426495828e-03
1.313551725722864494e-04 1.313551725722868289e-04 3.397931904318756357e-04 1.176642861721340647e-03 1.176642861721340647e-03 1.225847176995924605e-03
1.288732743398686637e-04 1.288732743398699919e-04 3.331907202058721263e-04 1.177181352079718045e-03 1.177181352079718479e-03 1.224992199395864238e-03
1.263804174023461864e-04 1.263804174023500624e-04 3.265755691364096141e-04 1.177713499393997013e-03 1.177713499393997446e-03 1.224119507160762246e-03
1.238770160049242671e-04 1.238770160049260289e-04 3.199480752372954725e-04 1.178238998372668246e-03 1.178238998372668680e-03 1.223230682903458672e-03
1.213634767592709069e-04 1.213634767592730753e-04 3.133085741066277325e-04 1.178757551499159820e-03 1.178757551499160471e-03 1.222327324565941446e-03
1.188401983873130815e-04 1.188401983873156159e-04 3.066573987422882672e-04 1.179268869123623357e-03 1.179268869123623791e-03 1.221411043612065503e-03
1.163075714961308514e-04 1.163075714961335890e-04 2.999948793893421491e-04 1.179772669534681975e-03 1.179772669534682409e-03 1.220483463171465228e-03
1.137659783752133843e-04 1.137659783752150377e-04 2.933213433965685922e-04 1.180268679013646901e-03 1.180268679013647118e-03 1.219546216133483244e-03
1.112157928070307031e-04 1.112157928070336711e-04 2.866371150590511134e-04 1.180756631873511667e-03 1.180756631873512317e-03 1.218600943189716238e-03
1.086573799129572675e-04 1.086573799129585957e-04 2.799425155050687918e-04 1.181236270479067750e-03 1.181236270479068184e-03 1.217649290835491876e-03
1.060910960077007429e-04 1.060910960077021930e-04 2.732378625577782543e-04 1.181707345253999591e-03 1.181707345254000025e-03 1.216692909322837851e-03
1.035172884842312866e-04 1.035172884842349729e-04 2.665234706299454519e-04 1.182169614671386981e-03 1.182169614671387198e-03 1.215733450575671049e-03
1.009362957202355278e-04 1.009362957202362054e-04 2.597996506287164413e-04 1.182622845230128870e-03 1.182622845230129087e-03 1.214772566066712415e-03
9.834844699668098987e-05 9.834844699668168105e-05 2.530667098470924348e-04 1.183066811419566499e-03 1.183066811419567150e-03 1.213811904655703183e-03
9.575406245075110498e-05 9.575406245075170129e-05 2.463249519006734871e-04 1.183501295669130886e-03 1.183501295669131537e-03 1.212853110400429531e-03
9.315345303595644008e-05 9.315345303595863559e-05 2.395746766396619103e-04 1.183926088288517415e-03 1.183926088288517631e-03 1.211897820333887382e-03
9.054692051142219672e-05 9.054692051142383658e-05 2.328161800946230812e-04 1.184340987395273272e-03 1.184340987395274139e-03 1.210947662219493629e-03
8.793475745123011719e-05 8.793475745123292256e-05 2.260497544327934490e-04 1.184745798832241527e-03 1.184745798832241960e-03 1.210004252284735187e-03
8.531724726520102729e-05 8.531724726520253162e-05 2.192756879037106150e-04 1.185140336076886481e-03 1.185140336076886481e-03 1.209069192934238363e-03
8.269466424700638917e-05 8.269466424700689061e-05 2.124942648165491709e-04 1.185524420140737171e-03 1.185524420140737388e-03 1.208144070452349221e-03
8.006727364125114225e-05 8.006727364125131843e-05 2.057057655280627984e-04 1.185897879461133252e-03 1.185897879461133252e-03 1.207230452696491946e-03
7.743533171981419429e-05 7.743533171981649822e-05 1.989104664174498333e-04 1.186260549787358396e-03 1.186260549787358830e-03 1.206329886782646571e-03
7.479908589000040700e-05 7.479908589000180291e-05 1.921086399071780793e-04 1.186612274058691839e-03 1.186612274058692056e-03 1.205443896775563149e-03
7.215877480652556158e-05 7.215877480652735051e-05 1.853005544588281930e-04 1.186952902279094771e-03 1.186952902279095421e-03 1.204573981378982217e-03
6.951462850991988894e-05 6.951462850992235550e-05 1.784864746029890417e-04 1.187282291386128558e-03 1.187282291386128775e-03 1.203721611638712595e-03
6.686686858157609543e-05 6.686686858157993079e-05 1.716666609794963486e-04 1.187600305116250001e-03 1.187600305116250218e-03 1.202888228660364345e-03
6.421570830593673789e-05 6.421570830593985497e-05 1.648413703641779006e-04 1.187906813868333912e-03 1.187906813868333912e-03 1.202075241344058168e-03
6.156135286222777492e-05 6.156135286223024148e-05 1.580108557412519615e-04 1.188201694563407280e-03 1.188201694563407497e-03 1.201284024148723982e-03
5.890399951764942134e-05 5.890399951765223349e-05 1.511753663500548948e-04 1.188484830504674648e-03 1.188484830504675082e-03 1.200515914882597721e-03
5.624383784459336327e-05 5.624383784459610088e-05 1.443351477652709050e-04 1.188756111235844118e-03 1.188756111235844768e-03 1.199772212532534748e-03
5.358104995207591692e-05 5.358104995207787526e-05 1.374904419867357713e-04 1.189015432399674090e-03 1.189015432399674306e-03 1.199054175134551354e-03
5.091581072173383533e-05 5.091581072173930378e-05 1.306414875147961360e-04 1.189262695598272300e-03 1.189262695598272733e-03 1.198363017688659814e-03
4.824828807082167563e-05 4.824828807082469107e-05 1.237885194704811990e-04 1.189497808253574176e-03 1.189497808253574609e-03 1.197699910129750196e-03
4.557864321397931502e-05 4.557864321398458017e-05 1.169317696887747202e-04 1.189720683471368707e-03 1.189720683471368707e-03 1.197065975352470859e-03
4.290703094636390779e-05 4.290703094636907808e-05 1.100714668442869800e-04 1.189931239907298212e-03 1.189931239907298429e-03 1.196462287301625982e-03
4.023359993826498669e-05 4.023359993826873396e-05 1.032078365852054510e-04 1.190129401636428816e-03 1.190129401636429466e-03 1.195889869130734289e-03
3.755849303136892718e-05 3.755849303137882053e-05 9.634110165131025806e-05 1.190315098027604213e-03 1.190315098027604646e-03 1.195349691432087214e-03
3.488184755932034167e-05 3.488184755932789721e-05 8.947148203536794497e-05 1.190488263621410688e-03 1.190488263621410905e-03 1.194842670548422773e-03
3.220379566406632717e-05 3.220379566407576650e-05 8.259919511593801400e-05 1.190648838014359175e-03 1.190648838014359391e-03 1.194369666965158479e-03
2.952446463057311498e-05 2.952446463057451089e-05 7.572445582092459325e-05 1.190796765748099954e-03 1.190796765748100387e-03 1.193931483792796911e-03
2.684397723007073293e-05 2.684397723008587110e-05 6.884747679753502056e-05 1.190931996204921180e-03 1.190931996204921397e-03 1.193528865341867513e-03
2.416245206300831084e-05 2.416245206301537849e-05 6.196846856676566974e-05 1.191054483510335053e-03 1.191054483510335486e-03 1.193162495793596714e-03
2.148000391726666872e-05 2.148000391728842730e-05 5.508763970496974440e-05 1.191164186442248991e-03 1.191164186442249641e-03 1.192832997973104769e-03
1.879674413324654574e-05 1.879674413328890416e-05 4.820519703052243482e-05 1.191261068347673324e-03 1.191261068347673324e-03 1.192540932227266481e-03
1.611278096576693709e-05 1.611278096577918180e-05 4.132134577131766484e-05 1.191345097067570899e-03 1.191345097067571333e-03 1.192286795409884526e-03
1.342821996470069575e-05 1.342821996470583385e-05 3.443628977217842057e-05 1.191416244869316059e-03 1.191416244869316710e-03 1.192071019980001437e-03
1.074316434695341854e-05 1.074316434698389648e-05 2.755023167019635493e-05 1.191474488388022607e-03 1.191474488388023041e-03 1.191893973213161827e-03
8.057715381490014223e-06 8.057715381520060176e-06 2.066337309707373543e-05 1.191519808576199744e-03 1.191519808576199961e-03 1.191755956530560993e-03
5.371972777308576024e-06 5.371972777384863199e-06 1.377591488412586136e-05 1.191552190662338150e-03 1.191552190662338150e-03 1.191657204947011665e-03
2.686035065351926336e-06 2.686035065499206307e-06 6.888057245650154516e-06 1.191571624118636322e-03 1.191571624118636539e-03 1.191597886639359557e-03
-9.999295884626987004e-11 -9.573710958491722340e-11 -6.668476163420749039e-11 1.191578102637699550e-03 1.191578102637701284e-03 1.191578102637701935e-03
2.570126510197882559e-06 3.978080009286217393e-06 7.782492382549703339e-06 1.191568334263413661e-03 1.191569952027779055e-03 1.191605177678509587e-03
5.140572051957871346e-06 7.957568324976828597e-06 1.556370379107956651e-05 1.191539043750165089e-03 1.191545503180495335e-03 1.191686327128914629e-03
7.711655088272467555e-06 1.193986806470616460e-05 2.334235401792598475e-05 1.191490274891317301e-03 1.191504765042577163e-03 1.191821324191736416e-03
1.028369295325275851e-05 1.592637199321367088e-05 3.111716437192763620e-05 1.191422100557760393e-03 1.191447752522959737e-03 1.192009791599768975e-03
1.285700129095897017e-05 1.991845741740697897e-05 3.888685845362312854e-05 1.191334622520726647e-03 1.191374486489230229e-03 1.192251202704901116e-03
1.543189349073310649e-05 2.391748114539672633e-05 4.665016289993958608e-05 1.191227971204087636e-03 1.191284993762857514e-03 1.192544882995196518e-03
1.800868013529482219e-05 2.792477456291972247e-05 5.440580815786605215e-05 1.191102305365694192e-03 1.191179307112760679e-03 1.192890012034573911e-03
2.058766844338253218e-05 3.194163881886158337e-05 6.215252922601794598e-05 1.190957811708571101e-03 1.191057465247769703e-03 1.193285625814476938e-03
2.316916172725426044e-05 3.596934017392018824e-05 6.988906642475890330e-05 1.190794704421252025e-03 1.190919512807262284e-03 1.193730619509384815e-03
2.575345884621265863e-05 4.000910550145473629e-05 7.761416613368227017e-05 1.190613224648408254e-03 1.190765500350790844e-03 1.194223750621345144e-03
2.834085367656443574e-05 4.406211799068282943e-05 8.532658155692820004e-05 1.190413639890806549e-03 1.190595484345719586e-03 1.194763642502963321e-03
3.093163457910620077e-05 4.812951303833145565e-05 9.302507345555508585e-05 1.190196243336056302e-03 1.190409527153928060e-03 1.195348788240292639e-03
3.352608388483797002e-05 5.221237437516021369e-05 1.007084109073068092e-04 1.189961353118920186e-03 1.190207697016352822e-03 1.195977554883143100e-03
3.612447737936848611e-05 5.631173040897612342e-05 1.083753720329847057e-04 1.189709311512939308e-03 1.189990068036657399e-03 1.196648188001095837e-03
3.872708380726852892e-05 6.042855082723078331e-05 1.160247447498937665e-04 1.189440484051871227e-03 1.189756720162559941e-03 1.197358816551382212e-03
4.133416437633852361e-05 6.456374343586031609e-05 1.236553274917461453e-04 1.189155258582947489e-03 1.189507739166343822e-03 1.198107458034436672e-03
4.394597228319226486e-05 6.871815127379005920e-05 1.312659299552097736e-04 1.188854044250156096e-03 1.189243216622822962e-03 1.198892023922499411e-03
4.656275224014549182e-05 7.289254997540814385e-05 1.388553738129673267e-04 1.188537270409790406e-03 1.188963249886541276e-03 1.199710325335330389e-03
4.918474002454380250e-05 7.708764541639044653e-05 1.464224934531035212e-04 1.188205385476130303e-03 1.188667942066219110e-03 1.200560078948237309e-03
5.181216203063782657e-05 8.130407161115837499e-05 1.539661366850883875e-04 1.187858855699695099e-03 1.188357401998463292e-03 1.201438913105449743e-03
5.444523484503516051e-05 8.554238889386227838e-05 1.614851654719039230e-04 1.187498163875586868e-03 1.188031744218508634e-03 1.202344374124458999e-03
5.708416482564268829e-05 8.980308234730778594e-05 1.689784566288889643e-04 1.187123807984472729e-03 1.187691088930251885e-03 1.203273932764054510e-03
5.972914770536683489e-05 9.408656050891928743e-05 1.764449025486125274e-04 1.186736299763357450e-03 1.187335561973080567e-03 1.204224990842635420e-03
6.238036820070375456e-05 9.839315431575836437e-05 1.838834118944855341e-04 1.186336163208652397e-03 1.186965294787924435e-03 1.205194887980140734e-03
6.503799964212109510e-05 1.027231163079890769e-04 1.912929103092886665e-04 1.185923933008953485e-03 1.186580424380424261e-03 1.206180908449959845e-03
6.770220361994165083e-05 1.070766200724705453e-04 1.986723411200291942e-04 1.185500152907913900e-03 1.186181093281917691e-03 1.207180288120188703e-03
7.037312963960402272e-05 1.114537599068542980e-04 2.060206660211409983e-04 1.185065373997681035e-03 1.185767449509212952e-03 1.208190221464059376e-03
7.305091480296967718e-05 1.158545507212050953e-04 2.133368657813450862e-04 1.184620152939528824e-03 1.185339646520662624e-03 1.209207868628969871e-03
7.573568349562524304e-05 1.202789281337206251e-04 2.206199409180022815e-04 1.184165050113951661e-03 1.184897843171526599e-03 1.210230362540900585e-03
7.842754710139596553e-05 1.247267487841112921e-04 2.278689123966287568e-04 1.183700627695582781e-03 1.184442203665301164e-03 1.211254816037651014e-03
8.112660372336557961e-05 1.291977908190136302e-04 2.350828222979919695e-04 1.183227447654995775e-03 1.183972897504326216e-03 1.212278329009697968e-03
8.383293793248742078e-05 1.336917545727941590e-04 2.422607345098446037e-04 1.182746069682071455e-03 1.183490099436109886e-03 1.213297995544744415e-03
8.654662052295626845e-05 1.382082633973617173e-04 2.494017353861792581e-04 1.182257049032506930e-03 1.182993989398900938e-03 1.214310911057380491e-03
8.926770829552037735e-05 1.427468646647304864e-04 2.565049344303610597e-04 1.181760934291338321e-03 1.182484752462743295e-03 1.215314179402756430e-03
9.199624384767954798e-05 1.473070308956526042e-04 2.635694649455060426e-04 1.181258265054426458e-03 1.181962578769742362e-03 1.216304919958641900e-03
9.473225539203967006e-05 1.518881610387007189e-04 2.705944847077227755e-04 1.180749569520793841e-03 1.181427663469575805e-03 1.217280274677721161e-03
9.747575658150862228e-05 1.564895818533215991e-04 2.775791766059992134e-04 1.180235361995904354e-03 1.180880206654180134e-03 1.218237415097746593e-03
1.002267463627549374e-04 1.611105494220904048e-04 2.845227493036199626e-04 1.179716140297640400e-03 1.180320413287451464e-03 1.219173549314435563e-03
1.029852088364375000e-04 1.657502507461731099e-04 2.914244378653171722e-04 1.179192383063978672e-03 1.179748493134083909e-03 1.220085928908241869e-03
1.057511131455780959e-04 1.704078054503476369e-04 2.982835044041851308e-04 1.178664546952724488e-03 1.179164660683198812e-03 1.220971855832978003e-03
1.085244133705422296e-04 1.750822675521390421e-04 3.050992386930385610e-04 1.178133063730991666e-03 1.178569135071087749e-03 1.221828689261156070e-03
1.113050484520264409e-04 1.797726273228005846e-04 3.118709587933560777e-04 1.177598337243145271e-03 1.177962139998517616e-03 1.222653852397150671e-03
1.140929421202825764e-04 1.844778131953051501e-04 3.185980116468954313e-04 1.177060740253298285e-03 1.177343903647133649e-03 1.223444839256989172e-03
1.168880028521845357e-04 1.891966937485043451e-04 3.252797736822656471e-04 1.176520611149186723e-03 1.176714658590225036e-03 1.224199221429014698e-03
1.196901238340441348e-04 1.939280797234002758e-04 3.319156513819111472e-04 1.175978250501648337e-03 1.176074641702565910e-03 1.224914654818308642e-03
1.224991829519690115e-04 1.986707261019528357e-04 3.385050818608898240e-04 1.175424094064441783e-03 1.175433917464436921e-03 1.225588886392221235e-03
1.253150427882211834e-04 2.034233342065151036e-04 3.450475334049510866e-04 1.174763260864582432e-03 1.174887826006361727e-03 1.226219760934198211e-03
1.281375506404744977e-04 2.081845538433367364e-04 3.515425060070728747e-04 1.174092391298092513e-03 1.174340140959220270e-03 1.226805227825158127e-03
1.309665385569500052e-04 2.129529854736245012e-04 3.579895318840376449e-04 1.173411738460848532e-03 1.173790973868526046e-03 1.227343347866768691e-03
1.338018233801033718e-04 2.177271823959777948e-04 3.643881759553786260e-04 1.172721559242046819e-03 1.173240378633078973e-03 1.227832300163401395e-03
1.366432068159830534e-04 2.225056529655027244e-04 3.707380363222061073e-04 1.172022114210723338e-03 1.172688346913737609e-03 1.228270389085480037e-03
1.394904755073878672e-04 2.272868628097953088e-04 3.770387446946665052e-04 1.171313667501415901e-03 1.172134803298635099e-03 1.228656051330650513e-03
1.423434011328001693e-04 2.320692370764257959e-04 3.832899668158885604e-04 1.170596486693530839e-03 1.171579600203085433e-03 1.228987863107865739e-03
1.452017405084451388e-04 2.368511626717607996e-04 3.894914028300764264e-04 1.169870842689921904e-03 1.171022512491120800e-03 1.229264547462539806e-03
1.480652357154922227e-04 2.416309905267037116e-04 3.956427876416140714e-04 1.169137009589108151e-03 1.170463231797458240e-03 1.229484981767035813e-03
1.509336142296844620e-04 2.464070378501404760e-04 4.017438912134180381e-04 1.168395264556781670e-03 1.169901360538783824e-03 1.229648205393953433e-03
1.538065890754295058e-04 2.511775904063855624e-04 4.077945188504279598e-04 1.167645887690926766e-03 1.169336405596974613e-03 1.229753427592120444e-03
1.566838589815884857e-04 2.559409047783971886e-04 4.137945114171096049e-04 1.166889161886342820e-03 1.168767771669426735e-03 1.229800035577549230e-03
1.595651085610598756e-04 2.606952106537890868e-04 4.197437455339368684e-04 1.166125372692779043e-03 1.168194754278568644e-03 1.229787602848968209e-03
1.624500084912595802e-04 2.654387130961832330e-04 4.256421337024073829e-04 1.165354808172615591e-03 1.167616532449379518e-03 1.229715897727467599e-03
1.653382157177322597e-04 2.701695948396409851e-04 4.314896244027115169e-04 1.164577758752200149e-03 1.167032161065691956e-03 1.229584892110050258e-03
1.682293736578807783e-04 2.748860185695733527e-04 4.372862021143736865e-04 1.163794517072904789e-03 1.166440562939445418e-03 1.229394770412051618e-03
1.711231124270963272e-04 2.795861292283356226e-04 4.430318873031916763e-04 1.163005377835917876e-03 1.165840520636761152e-03 1.229145938653759601e-03
1.740190490642627458e-04 2.842680563097808497e-04 4.487267363256647063e-04 1.162210637646962901e-03 1.165230668137900430e-03 1.228839033623898820e-03
1.769167877789326886e-04 2.889299161814125804e-04 4.543708412935436747e-04 1.161410594854879203e-03 1.164609482429072428e-03 1.228474932019644203e-03
1.798159201971263139e-04 2.935698143991760612e-04 4.599643298506528029e-04 1.160605549390361212e-03 1.163975275170737360e-03 1.228054759428667212e-03
1.827160256280831283e-04 2.981858480538326895e-04 4.655073649040452808e-04 1.159795802598731105e-03 1.163326184622735402e-03 1.227579898968755466e-03
1.856166713288877909e-04 3.027761081147571534e-04 4.710001442627113248e-04 1.158981657073141023e-03 1.162660168070054657e-03 1.227051999351624944e-03
1.885174127893612299e-04 3.073386818101841479e-04 4.764429002254745582e-04 1.158163416482011670e-03 1.161974995045704333e-03 1.226472982068393990e-03
1.914177940148042512e-04 3.118716550116320879e-04 4.818358990738010961e-04 1.157341385397004339e-03 1.161268241727937819e-03 1.225845047329731210e-03
1.943173478240480770e-04 3.163731146537027659e-04 4.871794405016386027e-04 1.156515869116696684e-03 1.160537286957789675e-03 1.225170678308942687e-03
1.972155961553511739e-04 3.208411511808737957e-04 4.924738569670067964e-04 1.155687173488084436e-03 1.159779310410011385e-03 1.224452643158133311e-03
2.001120503726815417e-04 3.252738610136011294e-04 4.977195129513541181e-04 1.154855604728133875e-03 1.158991293531749312e-03 1.223693994187169311e-03
2.030062115898709370e-04 3.296693490642821898e-04 5.029168041584789091e-04 1.154021469240468830e-03 1.158170023929880896e-03 1.222898063515226539e-03
2.058975709902520121e-04 3.340257312723475818e-04 5.080661566123934611e-04 1.153185073433683110e-03 1.157312103954087276e-03 1.222068454458192848e-03
2.087856101642228998e-04 3.383411371962472339e-04 5.131680256954013631e-04 1.152346723534940134e-03 1.156413964237016636e-03 1.221209027876938831e-03
2.116698014417219020e-04 3.426137126307913128e-04 5.182228950861439160e-04 1.151506725405599361e-03 1.155471882947815485e-03 1.220323882740793810e-03
2.145496082419920056e-04 3.468416222867340458e-04 5.232312756391187128e-04 1.150665384352510473e-03 1.154482011424513540e-03 1.219417330224895372e-03
2.174244854177305312e-04 3.510230525011933918e-04 5.281937041672638217e-04 1.149823004941761748e-03 1.153440406711844042e-03 1.218493860825461874e-03
2.202938796159449825e-04 3.551562140145594643e-04 5.331107421694995189e-04 1.148979890808511867e-03 1.152343071276544029e-03 1.217558104202967530e-03
2.231572296326575933e-04 3.592393447824494108e-04 5.379829744667286636e-04 1.148136344469719147e-03 1.151185999854446732e-03 1.216614781809625479e-03
2.260139667838029491e-04 3.632707128567858718e-04 5.428110077887115473e-04 1.147292667133393076e-03 1.149965232946992830e-03 1.215668652763590403e-03
2.288635152695132490e-04 3.672486193042854034e-04 5.475954692772722109e-04 1.146449158511209055e-03 1.148676916012030284e-03 1.214724453935973154e-03
2.317052925540576309e-04 3.711714011945160862e-04 5.523370049488302664e-04 1.145606116628101025e-03 1.147317362852845121e-03 1.213786835724963310e-03
2.345387097387752206e-04 3.750374346253214581e-04 5.570362780836867313e-04 1.144763837635700198e-03 1.145883121221653910e-03 1.212860295512251671e-03
2.373631719501876334e-04 3.788451378154881837e-04 5.616939675856370915e-04 1.143922615623220278e-03 1.144371038206238450e-03 1.211949111209765931e-03
2.401780787207409887e-04 3.825929742317565863e-04 5.663107662812453700e-04 1.142778322704698793e-03 1.143082742432672324e-03 1.211057277603897310e-03
2.429828243842588678e-04 3.862794557774525692e-04 5.708873792028446460e-04 1.141102602186493988e-03 1.142244507472019209e-03 1.210188448274552740e-03
2.457767984637505344e-04 3.899031460089066631e-04 5.754245218263756741e-04 1.139341971112337992e-03 1.141408197533138507e-03 1.209345885729644051e-03
2.485593860734761160e-04 3.934626634040727460e-04 5.799229183084713335e-04 1.137495028753950262e-03 1.140574096608220874e-03 1.208532421988749942e-03
2.513299683131345417e-04 3.969566846483887218e-04 5.843832996954144866e-04 1.135560904785742724e-03 1.139742485711454792e-03 1.207750431258437654e-03
2.540879226759014029e-04 4.003839479591711535e-04 5.888064021484977571e-04 1.133539271749047991e-03 1.138913642699649221e-03 1.207001815573103707e-03
2.568326234490555344e-04 4.037432564131438915e-04 5.931929651606815011e-04 1.131430344337963634e-03 1.138087842098396306e-03 1.206288003467898082e-03
2.595634421240649876e-04 4.070334812893483317e-04 5.975437298013647073e-04 1.129234866222709891e-03 1.137265354928892634e-03 1.205609960947467713e-03
2.622797478091565856e-04 4.102535654077836525e-04 6.018594369874504012e-04 1.126954085821090575e-03 1.136446448537708435e-03 1.204968213343111244e-03
2.649809076376164331e-04 4.134025264442240939e-04 6.061408257795406884e-04 1.124589722933136155e-03 1.135631386431744036e-03 1.204362876148326470e-03
2.676662871884191589e-04 4.164794602279341400e-04 6.103886317389158565e-04 1.122143928428366013e-03 1.134820428113551046e-03 1.203793692624253618e-03
2.703352508984135016e-04 4.194835439834693896e-04 6.146035853213101079e-04 1.119619239290801666e-03 1.134013828923479674e-03 1.203260075892008656e-03
2.729871624872050404e-04 4.224140395255893696e-04 6.187864103495415314e-04 1.117018531191295815e-03 1.133211839882452719e-03 1.202761153320268048e-03
2.756213853735418168e-04 4.252702963661796976e-04 6.229378225395234203e-04 1.114344970554090189e-03 1.132414707541950583e-03 1.202295811267404960e-03
2.782372831040754195e-04 4.280517547385884517e-04 6.270585281200398865e-04 1.111601967715201847e-03 1.131622673835059678e-03 1.201862738560777362e-03
2.808342197736263691e-04 4.307579484968780811e-04 6.311492225199739209e-04 1.108793132439522301e-03 1.130835975935088776e-03 1.201460467476364808e-03
2.834115604575183542e-04 4.333885078917395616e-04 6.352105891613063146e-04 1.105922232652345157e-03 1.130054846115664422e-03 1.201087411345950996e-03
2.859686716354121051e-04 4.359431621793180404e-04 6.392432983303412844e-04 1.102993156945394643e-03 1.129279511618703309e-03 1.200741898266114447e-03
2.885049216269502405e-04 4.384217420611325757e-04 6.432480061631212472e-04 1.100009881086273485e-03 1.128510194524250977e-03 1.200422200666173599e-03
2.910196810189117820e-04 4.408241819102174460e-04 6.472253537159471277e-04 1.096976438576248826e-03 1.127747111628470264e-03 1.200126560728911581e-03
2.935123231038910319e-04 4.431505217782714793e-04 6.511759661544150833e-04 1.093896895086658889e-03 1.126990474323842379e-03 1.199853211823337807e-03
2.959822243105527978e-04 4.454009091381245762e-04 6.551004520301901201e-04 1.090775326535842410e-03 1.126240488487753860e-03 1.199600396230781794e-03
2.984287646451166975e-04 4.475756003531964331e-04 6.589994026762928739e-04 1.087615800452730683e-03 1.125497354373600385e-03 1.199366379511281663e-03
3.008513281244631302e-04 4.496749618277936849e-04 6.628733916883708865e-04 1.084422360289504861e-03 1.124761266510460348e-03 1.199149461895360549e-03
3.032493032202110482e-04 4.516994708273677208e-04 6.667229745201852693e-04 1.081199012293034348e-03 1.124032413605561328e-03 1.198947987088022768e-03
3.056220832944647183e-04 4.536497159226703557e-04 6.705486881590845983e-04 1.077949714609445541e-03 1.123310978455449236e-03 1.198760348862019888e-03
3.079690670462183547e-04 4.555263970450426658e-04 6.743510509073212273e-04 1.074678368274192960e-03 1.122597137860174800e-03 1.198584995787616578e-03
3.102896589495347454e-04 4.573303251077554823e-04 6.781305622334979182e-04 1.071388809825207919e-03 1.121891062546280082e-03 1.198420434415926579e-03
3.125832697020326919e-04 4.590624211797236830e-04 6.818877027178508674e-04 1.068084805263774025e-03 1.121192917092978620e-03 1.198265231193171385e-03
3.148493166657778219e-04 4.607237151689361839e-04 6.856229340553521507e-04 1.064770045175948525e-03 1.120502859867012445e-03 1.198118013349171998e-03
3.170872243148366927e-04 4.623153439995690453e-04 6.893366991321286290e-04 1.061448140818368243e-03 1.119821042961850234e-03 1.197977468965638484e-03
3.192964246835527020e-04 4.638385492518627955e-04 6.930294221574040403e-04 1.058122621033249448e-03 1.119147612143039840e-03 1.197842346398885665e-03
3.214763578101648080e-04 4.652946742370011311e-04 6.967015088330892527e-04 1.054796929886752006e-03 1.118482706801336062e-03 1.197711453202275796e-03
3.236264721892549625e-04 4.666851604943942993e-04 7.003533465743347905e-04 1.051474424921487261e-03 1.117826459909470249e-03 1.197583654667027731e-03
3.257462252161845906e-04 4.680115436804566141e-04 7.039853047432323473e-04 1.048158375980913276e-03 1.117178997987658363e-03 1.197457872079930701e-03
3.278350836405191063e-04 4.692754488441695771e-04 7.075977349144434506e-04 1.044851964529596670e-03 1.116540441072607108e-03 1.197333080775747497e-03
3.298925240114582266e-04 4.704785850660407848e-04 7.111909711337366857e-04 1.041558283459631572e-03 1.115910902695143800e-03 1.197208308048513300e-03
3.319180331317900115e-04 4.716227394626722387e-04 7.147653301874135620e-04 1.038280337332576735e-03 1.115290489861337593e-03 1.197082630970986534e-03
3.339111085038647423e-04 4.727097705435294580e-04 7.183211118435228965e-04 1.035021043066628506e-03 1.114679303042080292e-03 1.196955174162852740e-03
3.358712587835941733e-04 4.737416009311131554e-04 7.218585990821821093e-04 1.031783231033069721e-03 1.114077436166124912e-03 1.196825107537687841e-03
3.377980042264374988e-04 4.747202094429922819e-04 7.253780582759085599e-04 1.028569646581658885e-03 1.113484976621376956e-03 1.196691644053716336e-03
3.396908771408676652e-04 4.756476225578182260e-04 7.288797393366965591e-04 1.025382951965732184e-03 1.112902005259572540e-03 1.196554037485841968e-03
3.415494223337777781e-04 4.765259052772613524e-04 7.323638757907385225e-04 1.022225728689754023e-03 1.112328596408975259e-03 1.196411580234082875e-03
3.433731975627661755e-04 4.773571514184494786e-04 7.358306847969350124e-04 1.019100480251241983e-03 1.111764817890351044e-03 1.196263601178013114e-03
3.451617739802743186e-04 4.781434733635242604e-04 7.392803670700210088e-04 1.016009635298124880e-03 1.111210731040699175e-03 1.196109463586254775e-03
3.469147365839596580e-04 4.788869913143699829e-04 7.427131067237691337e-04 1.012955551170986084e-03 1.110666390740128791e-03 1.195948563085811331e-03
3.486316846587867130e-04 4.795898220943866437e-04 7.461290709949151313e-04 1.009940517846564861e-03 1.110131845446196003e-03 1.195780325696734576e-03
3.503122322246650377e-04 4.802540675591926152e-04 7.495284098624493832e-04 1.006966762247350723e-03 1.109607137231234924e-03 1.195604205934037902e-03
3.519560084756236887e-04 4.808818026732183167e-04 7.529112555225875606e-04 1.004036452927300083e-03 1.109092301826827094e-03 1.195419684980364178e-03
3.535626582237820937e-04 4.814750633275068472e-04 7.562777217331387173e-04 1.001151705092926574e-03 1.108587368671095025e-03 1.195226268929672556e-03
3.551318423346475203e-04 4.820358339698140667e-04 7.596279029871128409e-04 9.983145859627921056e-04 1.108092360962796953e-03 1.195023487104403823e-03
3.566632381663857121e-04 4.825660351345101838e-04 7.629618735282972649e-04 9.955271204189410517e-04 1.107607295718050560e-03 1.194810890445430858e-03
3.581565400005259480e-04 4.830675109558774907e-04 7.662796861689861322e-04 9.927912969456933242e-04 1.107132183833397761e-03 1.194588049976721446e-03
3.596114594735948830e-04 4.835420167615877229e-04 7.695813709159894135e-04 9.901090738086886292e-04 1.106667030151982888e-03 1.194354555343801879e-03
3.610277260052707510e-04 4.839912068422962425e-04 7.728669333818859784e-04 9.874823854491775969e-04 1.106211833533985280e-03 1.194110013426598121e-03
3.624050872194173410e-04 4.844166224973934132e-04 7.761363529587581109e-04 9.849131490648696270e-04 1.105766586932234148e-03 1.193854047027312869e-03
3.637433093663946203e-04 4.848196804633614874e-04 7.793895807599702944e-04 9.824032713236703108e-04 1.105331277470047568e-03 1.193586293631789409e-03
3.650421777355687680e-04 4.852016618267179868e-04 7.826265372908999471e-04 9.799546551903035984e-04 1.104905886524611743e-03 1.193306404246070743e-03
3.663014970684495266e-04 4.855637015309868928e-04 7.858471098610813861e-04 9.775692068032413792e-04 1.104490389812242237e-03 1.193014042305894952e-03
3.675210919615712183e-04 4.859067785803186852e-04 7.890511497005668617e-04 9.752488423766045170e-04 1.104084757478802957e-03 1.192708882660900539e-03
3.687008072689028923e-04 4.862317070471662041e-04 7.922384687965941140e-04 9.729954950598253185e-04 1.103688954191802199e-03 1.192390610630903900e-03
3.698405084934942963e-04 4.865391279831037408e-04 7.954088364193506082e-04 9.708111217223204005e-04 1.103302939237261983e-03 1.192058921136036767e-03
3.709400821774689271e-04 4.868295023338139061e-04 7.985619753608353246e-04 9.686977095891964552e-04 1.102926666618046303e-03 1.191713517897699396e-03
3.719994362806768691e-04 4.871031049493438269e-04 8.016975578671858014e-04 9.666572826844414996e-04 1.102560085156602298e-03 1.191354112712107814e-03
3.730185005564662566e-04 4.873600197798135794e-04 8.048152013034904359e-04 9.646919079961715745e-04 1.102203138598933929e-03 1.190980424792967632e-03
3.739972269154443244e-04 4.876001363351800504e-04 8.079144635520522835e-04 9.628037013030530961e-04 1.101855765722634280e-03 1.190592180185022367e-03
3.749355897850472578e-04 4.878231474839988852e-04 8.109948382094446647e-04 9.609948325564891987e-04 1.101517900445938940e-03 1.190189111244568596e-03
3.758335864563871467e-04 4.880285486528635895e-04 8.140557496179258359e-04 9.592675307291841005e-04 1.101189471940482167e-03 1.189770956188673312e-03
3.766912374254926393e-04 4.882156384819322692e-04 8.170965478399721833e-04 9.576240879907476277e-04 1.100870404744877474e-03 1.189337458708719392e-03
3.775085867210338769e-04 4.883835209771262426e-04 8.201165036666914357e-04 9.560668630750363429e-04 1.100560618881650131e-03 1.188888367650024064e-03
3.782857022249564208e-04 4.885311091907989286e-04 8.231148038366388605e-04 9.545982836450985897e-04 1.100260029974810868e-03 1.188423436752709820e-03
3.790226759787135064e-04 4.886571304465559895e-04 8.260905466392245815e-04 9.532208474498267414e-04 1.099968549370443230e-03 1.187942424455607372e-03
3.797196244808391519e-04 4.887601331127605902e-04 8.290427381786891767e-04 9.519371219954135847e-04 1.099686084257751710e-03 1.187445093757941812e-03
3.803766889691320490e-04 4.888384949121715858e-04 8.319702895906300319e-04 9.507497424244455708e-04 1.099412537792804562e-03 1.186931212140662903e-03
3.809940356925355749e-04 4.888904327419912920e-04 8.348720156216768700e-04 9.496614072115514525e-04 1.099147809222570434e-03 1.186400551541785982e-03
3.815718561666606081e-04 4.889140139610012072e-04 8.377466350157870226e-04 9.486748712374719686e-04 1.098891794011277144e-03 1.185852888387592266e-03
3.821103674164497621e-04 4.889071690857299144e-04 8.405927732734329479e-04 9.477929357153477971e-04 1.098644383967278511e-03 1.185288003674672816e-03
3.826098122033252751e-04 4.888677058202415887e-04 8.434089684047471527e-04 9.470184343863990214e-04 1.098405467371032932e-03 1.184705683101985006e-03
3.830704592349827272e-04 4.887933243284588994e-04 8.461936803675981647e-04 9.463542153436097512e-04 1.098174929104646022e-03 1.184105717252437531e-03
3.834926033601405299e-04 4.886816336415395531e-04 8.489453049517243924e-04 9.458031178025466321e-04 1.097952650781400252e-03 1.183487901818489237e-03
3.838765657436174895e-04 4.885301690779171807e-04 8.516621928373604381e-04 9.453679431561384924e-04 1.097738510876963792e-03 1.182852037874240715e-03
3.842226940245121580e-04 4.883364105381786694e-04 8.543426745453841899e-04 9.450514197065625023e-04 1.097532384860400081e-03 1.182197932187404373e-03
3.845313624532318924e-04 4.880978015250858853e-04 8.569850918137834591e-04 9.448561606276344518e-04 1.097334145326603555e-03 1.181525397574128460e-03
3.848029720094747600e-04 4.878117687252284877e-04 8.595878357314197049e-04 9.447846149610771233e-04 1.097143662128409903e-03 1.180834253289890111e-03
3.850379504974574545e-04 4.874757419816640614e-04 8.621493915434664743e-04 9.448390118397026645e-04 1.096960802509902621e-03 1.180124325459878509e-03
3.852367526198404281e-04 4.870871744759234351e-04 8.646683895738049332e-04 9.450212986452021999e-04 1.096785431239282859e-03 1.179395447541977185e-03
3.853998600271609518e-04 4.866435629368261510e-04 8.671436610303669612e-04 9.453330744540628392e-04 1.096617410742715048e-03 1.178647460826271788e-03
3.855277813435772786e-04 4.861424676864959304e-04 8.695742967703037722e-04 9.457755208578977639e-04 1.096456601237634975e-03 1.177880214964134673e-03
3.856210521662515700e-04 4.855815323405057271e-04 8.719597063083959435e-04 9.463493329966603858e-04 1.096302860866828080e-03 1.177093568531386832e-03
3.856802350385468464e-04 4.849585029766118180e-04 8.742996737134333882e-04 9.470546543226262626e-04 1.096156045831879564e-03 1.176287389618585911e-03
3.857059193948540526e-04 4.842712466012605559e-04 8.765944065191720201e-04 9.478910190812836131e-04 1.096016010527201294e-03 1.175461556453574882e-03
3.856987214766081852e-04 4.835177687452159073e-04 8.788445736595036249e-04 9.488573066496065311e-04 1.095882607673350504e-03 1.174615958049388034e-03
3.856592842178153545e-04 4.826962300425534889e-04 8.810513286726825944e-04 9.499517115784941387e-04 1.095755688450741200e-03 1.173750494883336231e-03
3.855882770990338992e-04 4.818049616533195945e-04 8.832163152021966276e-04 9.511717324378215523e-04 1.095635102632577969e-03 1.172865079600478267e-03
3.854863959686026216e-04 4.808424794203228192e-04 8.853416529734872307e-04 9.525141813446014530e-04 1.095520698718009667e-03 1.171959637748038602e-03
3.853543628295169436e-04 4.798074966589728008e-04 8.874299039677327168e-04 9.539752145453778013e-04 1.095412324064439814e-03 1.171034108534135939e-03
3.851929255911770212e-04 4.786989355148323251e-04 8.894840201116715073e-04 9.555503827537081742e-04 1.095309825019897274e-03 1.170088445618188084e-03
3.850028577838918880e-04 4.775159368321886186e-04 8.915072753623054817e-04 9.572346984164009425e-04 1.095213047054503135e-03 1.169122617926562436e-03
