1.195409260157675457e-01
2.565763600290231761e-01
7.974693239999078864e-01
8.865992097693208285e-01
9.392175877415432916e-01
9.700853198723754511e-01
9.866936818574918444e-01
9.948681581149868558e-01
9.984524605530776808e-01
9.997394944582236320e-01
9.999999999964774844e-01
7.070706540552604835e-01
7.069724529420794434e-01
7.068191573638067382e-01
7.066320470019964439e-01
7.064296376264621591e-01
7.062280062607566578e-01
7.060389482712764453e-01
7.058696191303406309e-01
7.057236923278487062e-01
7.056018927447628153e-01
7.055029286135812150e-01
