-1.195409260158963871e-01
-2.565763600294904689e-01
-7.974693239975125802e-01
-8.865992097674072481e-01
-9.392175877407944462e-01
-9.700853198702680258e-01
-9.866936818578083690e-01
-9.948681581144011021e-01
-9.984524605531122088e-01
-9.997394944581935450e-01
-9.999999999962806418e-01
-7.070712006052164433e-01
-7.069766863340756213e-01
-7.068327188329399657e-01
-7.066620269010656097e-01
-7.064834426511199528e-01
-7.063124274375667255e-01
-7.061596215709837754e-01
-7.060306145662375021e-01
-7.059278207864125854e-01
-7.058504953479693977e-01
-7.057965732414149818e-01
