0.000000000000000000e+00 8.453745790207316531e+03
1.000000020216089136e-01 6.826241732331834100e+03
2.000000040432176052e-01 5.994371045517632410e+03
3.000000060648267408e-01 5.488506009999935486e+03
4.000000080864356544e-01 5.144692764443517262e+03
5.000000101080446235e-01 4.891987920850819137e+03
6.000000121296534816e-01 4.695409465977866603e+03
7.000000141512624507e-01 4.536076778238329098e+03
8.000000161728713088e-01 4.403062580161600636e+03
9.000000181944802780e-01 4.289654883557896028e+03
1.000000020216089247e+00 4.191501393428698066e+03
1.100000022237695774e+00 4.105633304163319735e+03
1.200000024259304521e+00 4.029928025567709938e+03
1.300000026280913490e+00 3.962802188757606473e+03
1.400000028302522459e+00 3.903030256187312716e+03
1.500000030324131206e+00 3.849633887102515928e+03
1.600000032345740175e+00 3.801812230443336375e+03
1.700000034367349144e+00 3.758896601555483812e+03
1.800000036388957891e+00 3.720319960333148174e+03
1.900000038410566860e+00 3.685595678744283759e+03
2.000000040432175830e+00 3.654302268306433689e+03
2.100000042453785021e+00 3.626072011033546914e+03
2.200000044475393324e+00 3.600582305030700809e+03
2.300000046497002515e+00 3.577548828738567863e+03
2.400000048518611262e+00 3.556720098150227386e+03
2.500000050540210683e+00 3.537872997756727727e+03
2.600000052561836750e+00 3.520809070204964428e+03
2.700000054583438391e+00 3.505351418668381939e+03
2.800000056605039589e+00 3.491342057321804987e+03
2.900000058626665655e+00 3.478639659961562757e+03
3.000000060648267297e+00 3.467117608680026024e+03
3.100000062669868939e+00 3.456662315906443837e+03
3.200000064691495005e+00 3.447171758638520259e+03
3.300000066713096647e+00 3.438554197770442897e+03
3.400000068734698289e+00 3.430727055830807785e+03
3.500000070756299486e+00 3.423615932067878930e+03
3.600000072777925997e+00 3.417153737764591369e+03
3.700000074799527194e+00 3.411279924783855677e+03
3.800000076821128836e+00 3.405939812669818821e+03
3.900000078842754458e+00 3.401083973839850387e+03
4.000000080864356988e+00 3.396667719563385162e+03
4.100000082885958186e+00 3.392650604032509364e+03
4.200000084907560272e+00 3.388996008065721071e+03
4.300000086929185450e+00 3.385670763495169922e+03
4.400000088950786648e+00 3.382644807942735952e+03
4.500000090972389621e+00 3.379890887408556864e+03
4.600000092994014800e+00 3.377384278677224756e+03
4.700000095015615997e+00 3.375102551982321529e+03
4.800000097037218083e+00 3.373025345234068027e+03
4.900000099058819281e+00 3.371134170544983590e+03
5.000000101080445347e+00 3.369412237515686229e+03
5.100000103102047433e+00 3.367844292949674582e+03
5.200000105123648630e+00 3.366416474203432699e+03
5.300000107145274697e+00 3.365116183582033955e+03
5.400000109166876783e+00 3.363931967360307681e+03
5.500000111188477980e+00 3.362853409363528954e+03
5.600000113210079178e+00 3.361871038413464248e+03
5.700000115231706133e+00 3.360976239210545373e+03
5.800000117253307330e+00 3.360161172933040689e+03
5.900000119274908528e+00 3.359418712646896438e+03
6.000000121296534594e+00 3.358742363989329988e+03
6.100000123318135792e+00 3.358126223356373430e+03
6.200000125339737878e+00 3.357564915609979835e+03
6.300000127361339963e+00 3.357053548642128135e+03
6.400000129382966030e+00 3.356587667633261390e+03
6.500000131404567227e+00 3.356163215917632897e+03
6.600000133426169313e+00 3.355776502732788686e+03
6.700000135447793603e+00 3.355424165506587997e+03
6.800000137469396577e+00 3.355103142589254730e+03
6.900000139490998663e+00 3.354810646826043921e+03
7.000000141512622953e+00 3.354544136185562365e+03
7.100000143534225927e+00 3.354301302964597653e+03
7.200000145555826236e+00 3.354080037660867220e+03
7.300000147577452303e+00 3.353878421580815939e+03
7.400000149599054389e+00 3.353694709112895453e+03
7.500000151620655586e+00 3.353527305654023621e+03
7.600000153642281653e+00 3.353374764053485251e+03
7.700000155663883739e+00 3.353235760191588270e+03
7.800000157685484936e+00 3.353109094944454682e+03
7.900000159707087022e+00 3.352993668763934693e+03
8.000000161728713977e+00 3.352888483468652794e+03
8.100000163750314286e+00 3.352792628295761460e+03
8.200000165771916372e+00 3.352705277743500119e+03
8.300000167793541550e+00 3.352625673003829434e+03
8.400000169815143636e+00 3.352553126694534058e+03
8.500000171836745722e+00 3.352487013078634391e+03
8.600000173858370900e+00 3.352426759902353751e+03
8.700000175879972986e+00 3.352371846853252464e+03
8.800000177901573295e+00 3.352321799546359671e+03
8.900000179923200250e+00 3.352276186418298494e+03
9.000000181944802335e+00 3.352234612706235566e+03
9.100000183966402645e+00 3.352196722631982993e+03
9.200000185988029600e+00 3.352162186173206919e+03
9.300000188009631685e+00 3.352130705263862637e+03
9.400000190031231995e+00 3.352102009535095476e+03
9.500000192052858949e+00 3.352075854785764477e+03
9.600000194074459259e+00 3.352052009174692103e+03
9.700000196096061345e+00 3.352030273183313057e+03
9.800000198117663430e+00 3.352010456723402967e+03
9.900000200139288609e+00 3.351992390429874831e+03
1.000000020216089069e+01 3.351975919241042902e+03
1.010000020418249278e+01 3.351960900569996284e+03
1.020000020620411796e+01 3.351947205600209145e+03
1.030000020822572004e+01 3.351934718281523601e+03
1.040000021024732213e+01 3.351923329859751448e+03
1.050000021226894731e+01 3.351912942547933653e+03
1.060000021429054939e+01 3.351903468807043737e+03
1.070000021631215148e+01 3.351894826543777071e+03
1.080000021833377666e+01 3.351886943324246658e+03
1.090000022035537874e+01 3.351879749437468035e+03
1.100000022237698083e+01 3.351873186261296269e+03
1.110000022439860601e+01 3.351867195171427284e+03
1.120000022642020632e+01 3.351861727815698941e+03
1.130000022844181018e+01 3.351856737026211249e+03
1.140000023046343536e+01 3.351852180130220859e+03
1.150000023248503567e+01 3.351848017389266261e+03
1.160000023450663775e+01 3.351844216510088700e+03
1.170000023652823984e+01 3.351840742739096640e+03
1.180000023854986502e+01 3.351837568992481465e+03
1.190000024057146710e+01 3.351834668798444454e+03
1.200000024259306919e+01 3.351832015334718108e+03
1.210000024461469437e+01 3.351829589574576403e+03
1.220000024663629645e+01 3.351827369564462060e+03
1.230000024865789854e+01 3.351825339598884966e+03
1.240000025067952372e+01 3.351823477729864408e+03
1.250000025270112580e+01 3.351821772325113216e+03
1.260000025472272789e+01 3.351820212076324879e+03
1.270000025674435307e+01 3.351818779074955728e+03
1.280000025876595515e+01 3.351817465140675267e+03
1.290000026078755546e+01 3.351816257709805541e+03
1.300000026280918242e+01 3.351815149636180649e+03
1.310000026483078450e+01 3.351814130721007587e+03
1.320000026685238659e+01 3.351813192782583883e+03
1.330000026887401177e+01 3.351812328468321539e+03
1.340000027089561385e+01 3.351811533965063973e+03
1.350000027291721416e+01 3.351810799461284660e+03
1.360000027493883934e+01 3.351810121305964458e+03
1.370000027696044320e+01 3.351809494679051113e+03
1.380000027898204529e+01 3.351808914788518905e+03
1.390000028100364560e+01 3.351808376855908136e+03
1.400000028302527255e+01 3.351807877238883066e+03
1.410000028504687286e+01 3.351807414047356360e+03
1.420000028706847672e+01 3.351806983376633070e+03
1.430000028909010013e+01 3.351806580082868550e+03
1.440000029111170399e+01 3.351806205400448562e+03
1.450000029313330430e+01 3.351805853468221358e+03
1.460000029515493125e+01 3.351805524890054130e+03
1.470000029717653156e+01 3.351805216657820438e+03
1.480000029919813187e+01 3.351804926059843183e+03
1.490000030121975882e+01 3.351804652761175021e+03
1.500000030324136269e+01 3.351804394656703607e+03
1.510000030526296300e+01 3.351804150001291873e+03
1.520000030728458995e+01 3.351803918441615679e+03
1.530000030930619026e+01 3.351803698031567819e+03
1.540000031132779057e+01 3.351803488501496304e+03
1.550000031334941752e+01 3.351803288905781756e+03
1.560000031537101783e+01 3.351803097297426120e+03
1.570000031739262170e+01 3.351802914158852218e+03
1.580000031941422201e+01 3.351802738068558938e+03
1.590000032143584896e+01 3.351802568816233361e+03
1.600000032345744927e+01 3.351802404360534638e+03
1.610000032547905136e+01 3.351802249523909268e+03
1.620000032750067831e+01 3.351802095715261203e+03
1.630000032952228040e+01 3.351801946837990727e+03
1.640000033154388248e+01 3.351801803172274958e+03
1.650000033356550588e+01 3.351801663165961145e+03
1.660000033558710797e+01 3.351801525991171275e+03
1.670000033760871005e+01 3.351801391924105246e+03
1.680000033963033346e+01 3.351801260399281091e+03
1.690000034165193554e+01 3.351801133950631083e+03
1.700000034367354118e+01 3.351801007664942063e+03
1.710000034569516458e+01 3.351800884508691979e+03
1.720000034771676667e+01 3.351800763207698310e+03
1.730000034973836875e+01 3.351800642509987028e+03
1.740000035175999216e+01 3.351800525476881830e+03
1.750000035378159424e+01 3.351800407991622706e+03
1.760000035580319988e+01 3.351800291919697884e+03
1.770000035782479841e+01 3.351800178108572709e+03
1.780000035984642537e+01 3.351800065371671735e+03
1.790000036186802745e+01 3.351799953627348259e+03
1.800000036388962599e+01 3.351799841754740100e+03
1.810000036591125294e+01 3.351799732932624011e+03
1.820000036793285503e+01 3.351799623124230948e+03
1.830000036995445711e+01 3.351799515564710873e+03
1.840000037197608407e+01 3.351799406869489303e+03
1.850000037399768615e+01 3.351799299114159567e+03
1.860000037601928469e+01 3.351799192802047855e+03
1.870000037804091164e+01 3.351799086730854015e+03
1.880000038006251373e+01 3.351798980158250743e+03
1.890000038208411581e+01 3.351798874433585297e+03
1.900000038410574277e+01 3.351798770481282645e+03
1.910000038612734485e+01 3.351798665463112684e+03
1.920000038814894339e+01 3.351798560472337158e+03
1.930000039017057034e+01 3.351798455977776030e+03
1.940000039219217243e+01 3.351798352342142607e+03
1.950000039421377451e+01 3.351798249107859192e+03
1.960000039623537660e+01 3.351798145696448501e+03
1.970000039825700355e+01 3.351798043274584415e+03
1.980000040027860209e+01 3.351797939156610937e+03
1.990000040230020417e+01 3.351797835454624874e+03
2.000000040432183113e+01 3.351797733723838064e+03
2.010000040634342966e+01 3.351797629291854264e+03
2.020000040836503530e+01 3.351797528079976473e+03
2.030000041038666225e+01 3.351797425455255052e+03
2.040000041240826079e+01 3.351797323126793799e+03
2.050000041442986287e+01 3.351797220633757661e+03
2.060000041645148983e+01 3.351797118962092100e+03
2.070000041847308836e+01 3.351797017365505781e+03
2.080000042049469400e+01 3.351796914627999286e+03
2.090000042251631740e+01 3.351796813660064799e+03
2.100000042453791949e+01 3.351796711150268038e+03
2.110000042655952157e+01 3.351796608047048721e+03
2.120000042858114853e+01 3.351796507088185081e+03
2.130000043060274706e+01 3.351796405494068949e+03
2.140000043262434914e+01 3.351796302967663451e+03
2.150000043464595123e+01 3.351796201787428799e+03
2.160000043666757819e+01 3.351796099721198516e+03
2.170000043868918027e+01 3.351795999021627722e+03
2.180000044071078236e+01 3.351795898351285814e+03
2.190000044273240576e+01 3.351795795399310009e+03
2.200000044475400784e+01 3.351795694516801177e+03
2.210000044677560993e+01 3.351795592158731324e+03
2.220000044879723333e+01 3.351795492077348626e+03
2.230000045081883897e+01 3.351795390071381462e+03
2.240000045284044106e+01 3.351795288157793948e+03
2.250000045486206446e+01 3.351795186948046194e+03
2.260000045688366654e+01 3.351795085149730312e+03
2.270000045890526863e+01 3.351794983151809902e+03
2.280000046092689203e+01 3.351794882655191941e+03
2.290000046294849767e+01 3.351794781302027332e+03
2.300000046497009976e+01 3.351794679465174795e+03
2.310000046699172316e+01 3.351794578318741969e+03
2.320000046901332524e+01 3.351794476964600108e+03
2.330000047103492733e+01 3.351794375583661349e+03
2.340000047305655073e+01 3.351794274111663526e+03
2.350000047507815637e+01 3.351794174013065458e+03
2.360000047709975846e+01 3.351794071464529225e+03
2.370000047912135699e+01 3.351793970348144285e+03
2.380000048114298394e+01 3.351793869219217868e+03
2.390000048316458603e+01 3.351793768004170943e+03
2.400000048518618811e+01 3.351793665988805969e+03
2.410000048720781152e+01 3.351793565018159825e+03
2.420000048922934255e+01 3.351793464613034757e+03
2.430000049125109030e+01 3.351793361586041101e+03
2.440000049327259291e+01 3.351793260890364309e+03
2.450000049529434065e+01 3.351793159847356947e+03
2.460000049731584326e+01 3.351793058442651727e+03
2.470000049933734942e+01 3.351792957494741586e+03
2.480000050135909717e+01 3.351792855846066686e+03
2.490000050338060333e+01 3.351792754251825954e+03
2.500000050540234753e+01 3.351792653692066779e+03
2.510000050742385369e+01 3.351792552035086828e+03
2.520000050944560144e+01 3.351792451025071387e+03
2.530000051146710760e+01 3.351792349018770437e+03
2.540000051348861021e+01 3.351792247858216797e+03
2.550000051551035440e+01 3.351792146939906615e+03
2.560000051753186412e+01 3.351792045220941873e+03
2.570000051955360831e+01 3.351791944389790842e+03
2.580000052157511092e+01 3.351791843546760902e+03
2.590000052359686222e+01 3.351791741831905711e+03
2.600000052561836483e+01 3.351791640157490747e+03
2.610000052763987100e+01 3.351791538781785221e+03
2.620000052966161519e+01 3.351791437302670602e+03
2.630000053168312490e+01 3.351791336061007769e+03
2.640000053370486910e+01 3.351791234898363655e+03
2.650000053572637526e+01 3.351791134583262647e+03
2.660000053774811946e+01 3.351791032464137061e+03
2.670000053976962207e+01 3.351790932120082743e+03
2.680000054179137337e+01 3.351790830325818661e+03
2.690000054381287597e+01 3.351790728693100391e+03
2.700000054583438214e+01 3.351790626896136928e+03
2.710000054785612633e+01 3.351790525786947001e+03
2.720000054987763605e+01 3.351790425017735743e+03
2.730000055189938024e+01 3.351790323523726784e+03
2.740000055392088640e+01 3.351790222157910648e+03
2.750000055594263060e+01 3.351790120667177689e+03
2.760000055796413321e+01 3.351790019718021995e+03
2.770000055998564292e+01 3.351789918747971114e+03
2.780000056200738712e+01 3.351789816787520067e+03
2.790000056402889328e+01 3.351789715760661238e+03
2.800000056605064103e+01 3.351789613397028006e+03
2.810000056807214719e+01 3.351789513035171694e+03
2.820000057009389138e+01 3.351789411892946191e+03
2.830000057211539399e+01 3.351789310483188729e+03
2.840000057413690371e+01 3.351789208983604112e+03
2.850000057615864790e+01 3.351789107895036068e+03
2.860000057818015406e+01 3.351789005832930798e+03
2.870000058020189826e+01 3.351788906075250452e+03
2.880000058222340797e+01 3.351788803268399079e+03
2.890000058424515217e+01 3.351788702499876763e+03
2.900000058626665833e+01 3.351788602119959251e+03
2.910000058828816094e+01 3.351788500100474266e+03
2.920000059030990514e+01 3.351788398656824484e+03
2.930000059233141485e+01 3.351788297289513594e+03
2.940000059435315904e+01 3.351788196014155801e+03
2.950000059637466521e+01 3.351788093912826298e+03
2.960000059839640940e+01 3.351787993979497060e+03
2.970000060041791912e+01 3.351787892242589805e+03
2.980000060243942173e+01 3.351787791975227265e+03
2.990000060446116592e+01 3.351787689842880354e+03
3.000000060648267208e+01 3.351787588017519283e+03
3.010000060850441628e+01 3.351787487292429887e+03
3.020000061052592599e+01 3.351787384618690339e+03
3.030000061254767019e+01 3.351787285125648395e+03
3.040000061456917990e+01 3.351787183569867011e+03
3.050000061659067896e+01 3.351787081246676735e+03
3.060000061861243026e+01 3.351786979956581035e+03
3.070000062063393287e+01 3.351786879227097415e+03
3.080000062265567706e+01 3.351786778347634481e+03
3.090000062467718678e+01 3.351786676734813227e+03
3.100000062669893097e+01 3.351786575399377398e+03
3.110000062872043713e+01 3.351786474294033724e+03
3.120000063074218133e+01 3.351786372829875290e+03
3.130000063276369104e+01 3.351786271353417305e+03
3.140000063478519365e+01 3.351786170522217617e+03
3.150000063680694140e+01 3.351786069340815629e+03
3.160000063882844401e+01 3.351785967999248442e+03
3.170000064085018820e+01 3.351785866195816652e+03
3.180000064287169792e+01 3.351785763900720667e+03
3.190000064489344211e+01 3.351785663620111791e+03
3.200000064691494828e+01 3.351785562896728152e+03
3.210000064893645089e+01 3.351785460669414533e+03
3.220000065095820219e+01 3.351785359450793294e+03
3.230000065297970480e+01 3.351785258613592305e+03
3.240000065500144899e+01 3.351785156945195922e+03
3.250000065702295871e+01 3.351785057319523276e+03
3.260000065904470290e+01 3.351784953811691139e+03
3.270000066106621261e+01 3.351784853715138979e+03
3.280000066308770812e+01 3.351784752663380914e+03
3.290000066510945942e+01 3.351784651089672479e+03
3.300000066713096203e+01 3.351784550583263353e+03
3.310000066915271333e+01 3.351784448637338755e+03
3.320000067117421594e+01 3.351784347564659129e+03
3.330000067319596013e+01 3.351784246167852871e+03
3.340000067521746985e+01 3.351784144452692999e+03
3.350000067723897246e+01 3.351784043211721837e+03
3.360000067926072376e+01 3.351783941966516522e+03
3.370000068128222637e+01 3.351783839904170691e+03
3.380000068330397056e+01 3.351783738336789156e+03
3.390000068532547317e+01 3.351783637730015926e+03
3.400000068734722447e+01 3.351783537064701704e+03
3.410000068936872708e+01 3.351783436169878769e+03
3.420000069139022969e+01 3.351783333767567456e+03
3.430000069341198099e+01 3.351783233314579320e+03
3.440000069543348360e+01 3.351783132068813302e+03
3.450000069745523490e+01 3.351783029887275006e+03
3.460000069947673751e+01 3.351782929169458839e+03
3.470000070149848881e+01 3.351782827844846452e+03
3.480000070351998431e+01 3.351782726450553128e+03
3.490000070554149403e+01 3.351782624184131237e+03
3.500000070756323822e+01 3.351782524476443086e+03
3.510000070958474083e+01 3.351782422109253275e+03
3.520000071160649213e+01 3.351782320820599125e+03
3.530000071362799474e+01 3.351782220002508438e+03
3.540000071564974604e+01 3.351782118878171786e+03
3.550000071767124865e+01 3.351782016922741150e+03
3.560000071969275837e+01 3.351781916053158511e+03
3.570000072171450256e+01 3.351781814274610497e+03
3.580000072373600517e+01 3.351781712718341623e+03
3.590000072575774936e+01 3.351781611410930964e+03
3.600000072777925197e+01 3.351781510970025920e+03
3.610000072980100327e+01 3.351781409822141086e+03
3.620000073182250588e+01 3.351781308860272929e+03
3.630000073384425718e+01 3.351781206890136218e+03
3.640000073586575979e+01 3.351781105685670354e+03
3.650000073788726951e+01 3.351781003695015897e+03
3.660000073990901370e+01 3.351780902423422958e+03
3.670000074193051631e+01 3.351780802744533048e+03
3.680000074395226051e+01 3.351780700440380315e+03
3.690000074597376312e+01 3.351780599200043980e+03
3.700000074799551442e+01 3.351780497599333103e+03
3.710000075001701703e+01 3.351780395914442124e+03
3.720000075203852674e+01 3.351780296349654236e+03
3.730000075406027094e+01 3.351780193490110832e+03
3.740000075608177355e+01 3.351780092234624135e+03
3.750000075810352484e+01 3.351779991236271144e+03
3.760000076012502745e+01 3.351779889284900946e+03
3.770000076214677875e+01 3.351779789497116781e+03
3.780000076416828136e+01 3.351779687414298223e+03
3.790000076618978397e+01 3.351779586686561288e+03
3.800000076821152817e+01 3.351779484822244285e+03
3.810000077023303788e+01 3.351779383594826868e+03
3.820000077225478208e+01 3.351779281391570748e+03
3.830000077427628469e+01 3.351779180975259351e+03
3.840000077629803599e+01 3.351779079908304539e+03
3.850000077831953860e+01 3.351778978423470562e+03
3.860000078034104831e+01 3.351778877603017463e+03
3.870000078236279251e+01 3.351778776216168808e+03
3.880000078438429512e+01 3.351778674443489763e+03
3.890000078640603931e+01 3.351778573219103237e+03
3.900000078842754903e+01 3.351778472124313794e+03
3.910000079044929322e+01 3.351778370149518196e+03
3.920000079247079583e+01 3.351778269610133520e+03
3.930000079449230554e+01 3.351778168514781555e+03
3.940000079651404974e+01 3.351778066828950614e+03
3.950000079853555945e+01 3.351777965097988272e+03
3.960000080055730365e+01 3.351777864820457125e+03
3.970000080257881336e+01 3.351777763445047185e+03
3.980000080460055756e+01 3.351777661914538839e+03
3.990000080662206017e+01 3.351777560264938074e+03
4.000000080864356278e+01 3.351777459065508538e+03
4.010000081066530697e+01 3.351777357709896023e+03
4.020000081268681669e+01 3.351777256445061539e+03
4.030000081470856088e+01 3.351777155389802374e+03
4.040000081673007060e+01 3.351777053889209128e+03
4.050000081875181479e+01 3.351776952050714044e+03
4.060000082077332451e+01 3.351776851587758756e+03
4.070000082279506870e+01 3.351776749009294690e+03
4.080000082481657131e+01 3.351776647957517980e+03
4.090000082683807392e+01 3.351776548025940428e+03
4.100000082885981811e+01 3.351776447007126535e+03
4.110000083088132783e+01 3.351776344740232616e+03
4.120000083290307202e+01 3.351776242874340824e+03
4.130000083492458174e+01 3.351776143118308937e+03
4.140000083694632593e+01 3.351776041477019135e+03
4.150000083896783565e+01 3.351775939096053207e+03
4.160000084098933826e+01 3.351775838721940545e+03
4.170000084301108245e+01 3.351775737219674738e+03
4.180000084503258506e+01 3.351775636078019943e+03
4.190000084705433636e+01 3.351775534634449286e+03
4.200000084907583897e+01 3.351775433226259793e+03
4.210000085109758317e+01 3.351775332106318274e+03
4.220000085311909288e+01 3.351775230643674149e+03
4.230000085514059549e+01 3.351775128972666153e+03
4.240000085716233968e+01 3.351775028738453329e+03
4.250000085918384940e+01 3.351774926391497047e+03
4.260000086120559359e+01 3.351774825383348343e+03
4.270000086322710331e+01 3.351774725140900046e+03
4.280000086524884750e+01 3.351774622775824355e+03
4.290000086727035011e+01 3.351774521216761059e+03
4.300000086929185272e+01 3.351774420412974450e+03
4.310000087131360402e+01 3.351774318804618815e+03
4.320000087333510663e+01 3.351774217161151228e+03
4.330000087535685083e+01 3.351774115969085415e+03
4.340000087737836054e+01 3.351774014877036734e+03
4.350000087940010474e+01 3.351773913237297165e+03
4.360000088142161445e+01 3.351773812151534912e+03
4.370000088344311706e+01 3.351773711360880952e+03
4.380000088546486126e+01 3.351773611169709511e+03
4.390000088748636387e+01 3.351773509200815624e+03
4.400000088950810806e+01 3.351773406474190779e+03
4.410000089152961777e+01 3.351773306497805606e+03
4.420000089355136197e+01 3.351773204246504974e+03
4.430000089557287168e+01 3.351773103312346393e+03
4.440000089759437429e+01 3.351773002211283710e+03
4.450000089961612559e+01 3.351772900617484993e+03
4.460000090163762820e+01 3.351772799416338785e+03
4.470000090365937950e+01 3.351772697885694924e+03
4.480000090568088211e+01 3.351772597659744861e+03
4.490000090770262631e+01 3.351772495777654967e+03
4.500000090972412892e+01 3.351772394816468477e+03
4.510000091174587311e+01 3.351772292769181149e+03
4.520000091376738283e+01 3.351772191661525540e+03
4.530000091578888544e+01 3.351772090955500971e+03
4.540000091781063674e+01 3.351771989049484546e+03
4.550000091983213935e+01 3.351771887906456868e+03
4.560000092185389065e+01 3.351771786831133795e+03
4.570000092387539326e+01 3.351771685063721179e+03
4.580000092589713745e+01 3.351771584099323718e+03
4.590000092791864006e+01 3.351771483541097041e+03
4.600000092994014267e+01 3.351771381412730534e+03
4.610000093196189397e+01 3.351771280670097894e+03
4.620000093398339658e+01 3.351771178382593916e+03
4.630000093600514788e+01 3.351771077415496165e+03
4.640000093802665049e+01 3.351770976415235054e+03
4.650000094004839468e+01 3.351770874474364064e+03
4.660000094206990440e+01 3.351770773235729848e+03
4.670000094409140701e+01 3.351770672010630278e+03
4.680000094611315831e+01 3.351770571318444581e+03
4.690000094813465381e+01 3.351770470492156619e+03
4.700000095015640511e+01 3.351770368429479731e+03
4.710000095217790772e+01 3.351770267161176889e+03
4.720000095419965902e+01 3.351770165673629890e+03
4.730000095622116163e+01 3.351770064720167284e+03
4.740000095824266424e+01 3.351769964060789789e+03
4.750000096026441554e+01 3.351769861611282067e+03
4.760000096228591815e+01 3.351769760528108236e+03
4.770000096430766945e+01 3.351769659591715026e+03
4.780000096632917206e+01 3.351769557517520298e+03
4.790000096835091625e+01 3.351769457709467588e+03
4.800000097037241886e+01 3.351769355784055733e+03
4.810000097239392858e+01 3.351769254677235040e+03
4.820000097441567277e+01 3.351769152429544647e+03
4.830000097643717538e+01 3.351769050729779792e+03
4.840000097845892668e+01 3.351768950098661662e+03
4.850000098048042929e+01 3.351768848814321245e+03
4.860000098250218059e+01 3.351768747805363546e+03
4.870000098452368320e+01 3.351768645687545359e+03
4.880000098654518581e+01 3.351768545667999206e+03
4.890000098856693711e+01 3.351768443985995873e+03
4.900000099058843972e+01 3.351768342826188928e+03
4.910000099261018391e+01 3.351768239637110582e+03
4.920000099463168652e+01 3.351768139592428270e+03
4.930000099665343782e+01 3.351768039001886336e+03
4.940000099867494043e+01 3.351767936729699613e+03
4.950000100069645015e+01 3.351767836346745753e+03
4.960000100271819434e+01 3.351767733912720360e+03
4.970000100473970406e+01 3.351767633787257182e+03
4.980000100676144825e+01 3.351767531068948756e+03
4.990000100878295086e+01 3.351767431199626117e+03
5.000000101080469506e+01 3.351767329279760816e+03
5.010000101282619767e+01 3.351767228215188879e+03
5.020000101484794897e+01 3.351767126742056917e+03
5.030000101686945158e+01 3.351767025003988692e+03
5.040000101889096129e+01 3.351766923375395891e+03
5.050000102091270548e+01 3.351766823334482979e+03
5.060000102293421520e+01 3.351766721473920370e+03
5.070000102495595939e+01 3.351766620405614049e+03
5.080000102697746200e+01 3.351766518665167496e+03
5.090000102899920620e+01 3.351766417893044945e+03
5.100000103102070881e+01 3.351766316145756718e+03
5.110000103304221852e+01 3.351766214372450122e+03
5.120000103506396272e+01 3.351766114548089263e+03
5.130000103708547243e+01 3.351766012638740449e+03
5.140000103910721663e+01 3.351765911646681161e+03
5.150000104112872634e+01 3.351765810047697869e+03
5.160000104315047054e+01 3.351765709438599970e+03
5.170000104517198025e+01 3.351765607647097568e+03
5.180000104719347576e+01 3.351765505754592596e+03
5.190000104921522706e+01 3.351765405462843773e+03
5.200000105123672967e+01 3.351765303119871533e+03
5.210000105325848097e+01 3.351765203107529032e+03
5.220000105527997647e+01 3.351765100431822702e+03
5.230000105730172066e+01 3.351764999519525190e+03
5.240000105932323038e+01 3.351764898494867339e+03
5.250000106134474009e+01 3.351764797769521465e+03
5.260000106336648429e+01 3.351764695642178140e+03
5.270000106538799400e+01 3.351764594760591081e+03
5.280000106740973820e+01 3.351764492711826733e+03
5.290000106943124081e+01 3.351764392499067526e+03
5.300000107145298500e+01 3.351764290892464942e+03
5.310000107347449472e+01 3.351764189847549460e+03
5.320000107549599022e+01 3.351764088465431996e+03
5.330000107751774863e+01 3.351763985793150368e+03
5.340000107953924413e+01 3.351763885137102989e+03
5.350000108156100254e+01 3.351763784583957658e+03
5.360000108358249804e+01 3.351763683128801404e+03
5.370000108560425645e+01 3.351763581770170276e+03
5.380000108762575195e+01 3.351763479928185916e+03
5.390000108964725456e+01 3.351763379299226472e+03
5.400000109166900586e+01 3.351763277092759381e+03
5.410000109369050847e+01 3.351763175786086322e+03
5.420000109571225266e+01 3.351763075136895623e+03
5.430000109773376238e+01 3.351762973618568594e+03
5.440000109975550657e+01 3.351762872628193236e+03
5.450000110177701629e+01 3.351762771504022112e+03
5.460000110379852600e+01 3.351762670006276949e+03
5.470000110582027020e+01 3.351762568357914006e+03
5.480000110784177281e+01 3.351762467293388454e+03
5.490000110986351700e+01 3.351762366262237265e+03
5.500000111188501961e+01 3.351762265045805634e+03
5.510000111390677091e+01 3.351762163594928552e+03
5.520000111592826642e+01 3.351762062193741258e+03
5.530000111795002482e+01 3.351761960590633862e+03
5.540000111997152032e+01 3.351761859053488479e+03
5.550000112199303004e+01 3.351761758147575165e+03
5.560000112401477423e+01 3.351761656552454497e+03
5.570000112603628395e+01 3.351761555452356333e+03
5.580000112805802814e+01 3.351761454609619250e+03
5.590000113007953075e+01 3.351761352982393873e+03
5.600000113210128205e+01 3.351761251246502525e+03
5.610000113412278466e+01 3.351761150686801557e+03
5.620000113614429438e+01 3.351761048348178974e+03
5.630000113816603857e+01 3.351760947783468964e+03
5.640000114018754829e+01 3.351760846848798337e+03
5.650000114220929248e+01 3.351760744883993084e+03
5.660000114423078799e+01 3.351760644411756402e+03
5.670000114625254639e+01 3.351760541964259119e+03
5.680000114827404190e+01 3.351760441073674428e+03
5.690000115029555161e+01 3.351760339417687646e+03
5.700000115231729581e+01 3.351760238796543945e+03
5.710000115433879841e+01 3.351760137261744148e+03
5.720000115636054261e+01 3.351760036223503903e+03
5.730000115838205232e+01 3.351759935983362084e+03
5.740000116040379652e+01 3.351759833087411607e+03
5.750000116242530623e+01 3.351759733233572661e+03
5.760000116444681595e+01 3.351759631274023377e+03
5.770000116646856014e+01 3.351759530526014714e+03
5.780000116849006275e+01 3.351759428451219264e+03
5.790000117051181405e+01 3.351759327217180271e+03
5.800000117253331666e+01 3.351759225776886069e+03
5.810000117455506086e+01 3.351759124272407917e+03
5.820000117657655636e+01 3.351759023087020523e+03
5.830000117859806608e+01 3.351758922198326673e+03
5.840000118061981027e+01 3.351758820682557143e+03
5.850000118264131999e+01 3.351758719102528630e+03
5.860000118466306418e+01 3.351758618323173323e+03
5.870000118668457390e+01 3.351758516290303760e+03
5.880000118870631809e+01 3.351758415489526215e+03
5.890000119072782780e+01 3.351758313689118950e+03
5.900000119274933041e+01 3.351758213550240725e+03
5.910000119477107461e+01 3.351758110555679650e+03
5.920000119679258432e+01 3.351758010922513222e+03
5.930000119881432852e+01 3.351757908632032468e+03
5.940000120083583823e+01 3.351757807404796495e+03
5.950000120285758243e+01 3.351757706414066433e+03
5.960000120487909214e+01 3.351757605094427618e+03
5.970000120690058765e+01 3.351757504002124733e+03
5.980000120892233184e+01 3.351757402914065096e+03
5.990000121094384156e+01 3.351757300601838779e+03
6.000000121296558575e+01 3.351757199894780115e+03
6.010000121498708836e+01 3.351757097860801423e+03
6.020000121700883255e+01 3.351756997282085649e+03
6.030000121903034227e+01 3.351756895919023464e+03
6.040000122105208646e+01 3.351756795140808208e+03
6.050000122307359618e+01 3.351756693126866139e+03
6.060000122509510589e+01 3.351756593099602469e+03
6.070000122711685009e+01 3.351756490427485915e+03
6.080000122913835980e+01 3.351756389459141246e+03
6.090000123116010400e+01 3.351756287321858053e+03
6.100000123318160661e+01 3.351756187170739850e+03
6.110000123520335080e+01 3.351756085962387715e+03
6.120000123722486052e+01 3.351755984323589018e+03
6.130000123924635602e+01 3.351755883086892936e+03
6.140000124126811443e+01 3.351755781697676412e+03
6.150000124328960993e+01 3.351755681213919615e+03
6.160000124531135413e+01 3.351755578690047514e+03
6.170000124733286384e+01 3.351755477882222294e+03
6.180000124935460803e+01 3.351755377022327593e+03
6.190000125137611775e+01 3.351755275127525238e+03
6.200000125339762036e+01 3.351755174429473300e+03
6.210000125541936455e+01 3.351755073226170680e+03
6.220000125744087427e+01 3.351754971731126261e+03
6.230000125946261846e+01 3.351754869920454894e+03
6.240000126148412818e+01 3.351754768839236021e+03
6.250000126350587237e+01 3.351754667406243243e+03
6.260000126552738209e+01 3.351754566199469991e+03
6.270000126754887759e+01 3.351754464511770948e+03
6.280000126957063600e+01 3.351754364409368009e+03
6.290000127159213150e+01 3.351754261685729034e+03
6.300000127361388280e+01 3.351754161544616181e+03
6.310000127563537831e+01 3.351754059781444994e+03
6.320000127765712961e+01 3.351753958780272114e+03
6.330000127967863222e+01 3.351753857231166421e+03
6.340000128170014193e+01 3.351753756283550501e+03
6.350000128372188613e+01 3.351753654537255898e+03
6.360000128574339584e+01 3.351753553492459105e+03
6.370000128776514003e+01 3.351753452116399330e+03
6.380000128978664975e+01 3.351753350682504333e+03
6.390000129180839394e+01 3.351753249542851336e+03
6.400000129382989655e+01 3.351753147894142785e+03
6.410000129585139916e+01 3.351753046094703677e+03
6.420000129787315757e+01 3.351752945620366063e+03
6.430000129989464597e+01 3.351752844126208402e+03
6.440000130191640437e+01 3.351752743744997588e+03
6.450000130393790698e+01 3.351752640805741066e+03
6.460000130595965118e+01 3.351752539789557432e+03
6.470000130798115379e+01 3.351752439302845232e+03
6.480000131000289798e+01 3.351752336057705179e+03
6.490000131202440059e+01 3.351752235983218270e+03
6.500000131404591741e+01 3.351752135212328085e+03
6.510000131606766161e+01 3.351752033890946677e+03
6.520000131808916422e+01 3.351751932366971687e+03
6.530000132011090841e+01 3.351751831381884131e+03
6.540000132213242523e+01 3.351751729969327698e+03
6.550000132415416942e+01 3.351751628697638807e+03
6.560000132617567203e+01 3.351751527650190383e+03
6.570000132819716043e+01 3.351751426218023880e+03
6.580000133021891884e+01 3.351751324677222328e+03
6.590000133224042145e+01 3.351751223433519954e+03
6.600000133426217985e+01 3.351751122726273479e+03
6.610000133628366825e+01 3.351751020882881221e+03
6.620000133830542666e+01 3.351750919452736525e+03
6.630000134032692927e+01 3.351750817332009774e+03
6.640000134234843188e+01 3.351750716807103345e+03
6.650000134437017607e+01 3.351750614989891346e+03
6.660000134639167868e+01 3.351750513395539656e+03
6.670000134841342287e+01 3.351750412847785810e+03
6.680000135043493970e+01 3.351750311343284466e+03
6.690000135245668389e+01 3.351750210911747217e+03
6.700000135447818650e+01 3.351750109456724658e+03
6.710000135649970332e+01 3.351750007467170690e+03
6.720000135852144751e+01 3.351749906497365828e+03
6.730000136054293591e+01 3.351749805209272381e+03
6.740000136256469432e+01 3.351749703375800436e+03
6.750000136458619693e+01 3.351749603374603339e+03
6.760000136660794112e+01 3.351749501825651805e+03
6.770000136862944373e+01 3.351749399467948479e+03
6.780000137065094634e+01 3.351749298149431070e+03
6.790000137267269054e+01 3.351749197227235072e+03
6.800000137469420736e+01 3.351749095530680279e+03
6.810000137671595155e+01 3.351748994805273014e+03
6.820000137873745416e+01 3.351748893018328999e+03
6.830000138075919836e+01 3.351748792148724078e+03
6.840000138278071518e+01 3.351748690791116132e+03
6.850000138480221779e+01 3.351748589566498140e+03
6.860000138682396198e+01 3.351748487807902620e+03
6.870000138884546459e+01 3.351748386790407494e+03
6.880000139086720878e+01 3.351748285243951614e+03
6.890000139288872560e+01 3.351748184397989007e+03
6.900000139491046980e+01 3.351748082660169985e+03
6.910000139693195820e+01 3.351747982031438823e+03
6.920000139895371660e+01 3.351747880521859315e+03
6.930000140097521921e+01 3.351747780626956228e+03
6.940000140299672182e+01 3.351747678442965025e+03
6.950000140501846602e+01 3.351747575695201249e+03
6.960000140703996863e+01 3.351747476053601076e+03
6.970000140906171282e+01 3.351747372289574287e+03
6.980000141108322964e+01 3.351747272509501272e+03
6.990000141310497384e+01 3.351747172273477645e+03
7.000000141512647645e+01 3.351747070106717274e+03
7.010000141714799327e+01 3.351746969388170783e+03
7.020000141916973746e+01 3.351746866814922669e+03
7.030000142119124007e+01 3.351746765982215948e+03
7.040000142321298426e+01 3.351746664368051370e+03
7.050000142523448687e+01 3.351746563488713036e+03
7.060000142725623107e+01 3.351746462348769910e+03
7.070000142927773368e+01 3.351746360846582320e+03
7.080000143129923629e+01 3.351746260317379893e+03
7.090000143332098048e+01 3.351746158627888235e+03
7.100000143534249730e+01 3.351746057260671023e+03
7.110000143736424150e+01 3.351745956205038510e+03
7.120000143938574411e+01 3.351745853500138765e+03
7.130000144140748830e+01 3.351745753234818949e+03
7.140000144342900512e+01 3.351745651943400844e+03
7.150000144545050773e+01 3.351745550621564689e+03
7.160000144747225193e+01 3.351745449064820150e+03
7.170000144949375454e+01 3.351745347997915360e+03
7.180000145151549873e+01 3.351745246875322209e+03
7.190000145353701555e+01 3.351745145027913622e+03
7.200000145555875974e+01 3.351745043967702259e+03
7.210000145758026235e+01 3.351744942338103556e+03
7.220000145960176496e+01 3.351744842089058693e+03
7.230000146162350916e+01 3.351744740225790792e+03
7.240000146364501177e+01 3.351744639385120990e+03
7.250000146566675596e+01 3.351744538316245325e+03
7.260000146768827278e+01 3.351744436290494832e+03
7.270000146971001698e+01 3.351744335604742901e+03
7.280000147173151959e+01 3.351744233360330782e+03
7.290000147375302220e+01 3.351744132121297753e+03
7.300000147577476639e+01 3.351744031060258749e+03
7.310000147779628321e+01 3.351743929973024933e+03
7.320000147981802741e+01 3.351743828195970309e+03
7.330000148183953002e+01 3.351743728084861687e+03
7.340000148386127421e+01 3.351743626218888039e+03
7.350000148588277682e+01 3.351743524306083600e+03
7.360000148790427943e+01 3.351743423245859958e+03
7.370000148992603783e+01 3.351743322205034474e+03
7.380000149194752623e+01 3.351743219953846165e+03
7.390000149396927043e+01 3.351743119103759909e+03
7.400000149599078725e+01 3.351743018527276945e+03
7.410000149801253144e+01 3.351742916665861230e+03
7.420000150003403405e+01 3.351742815481957223e+03
7.430000150205577825e+01 3.351742714368564975e+03
7.440000150407729507e+01 3.351742613409654041e+03
7.450000150609879768e+01 3.351742511460753121e+03
7.460000150812054187e+01 3.351742410900888899e+03
7.470000151014204448e+01 3.351742309550296795e+03
7.480000151216378868e+01 3.351742207317395241e+03
7.490000151418530550e+01 3.351742106883646557e+03
7.500000151620704969e+01 3.351742005369900198e+03
7.510000151822855230e+01 3.351741904749019341e+03
7.520000152025005491e+01 3.351741803017077473e+03
7.530000152227181331e+01 3.351741701766466576e+03
7.540000152429330171e+01 3.351741599795553611e+03
7.550000152631506012e+01 3.351741498730603780e+03
7.560000152833656273e+01 3.351741397793604392e+03
7.570000153035830692e+01 3.351741296460367721e+03
7.580000153237980953e+01 3.351741194590772011e+03
7.590000153440131214e+01 3.351741094055164467e+03
7.600000153642305634e+01 3.351740991824972298e+03
7.610000153844457316e+01 3.351740890898604903e+03
7.620000154046631735e+01 3.351740789805157874e+03
7.630000154248781996e+01 3.351740687802815046e+03
7.640000154450956416e+01 3.351740587728854280e+03
7.650000154653106677e+01 3.351740484863300026e+03
7.660000154855256937e+01 3.351740383872254824e+03
7.670000155057432778e+01 3.351740282943314469e+03
7.680000155259581618e+01 3.351740181025964830e+03
7.690000155461757458e+01 3.351740080649819447e+03
7.700000155663907719e+01 3.351739978836428691e+03
7.710000155866083560e+01 3.351739877696594249e+03
7.720000156068232400e+01 3.351739776797188824e+03
7.730000156270384082e+01 3.351739675008365339e+03
7.740000156472558501e+01 3.351739574519241614e+03
7.750000156674708762e+01 3.351739472404113258e+03
7.760000156876883182e+01 3.351739371215167466e+03
7.770000157079033443e+01 3.351739269552570931e+03
7.780000157281207862e+01 3.351739168354030426e+03
7.790000157483359544e+01 3.351739067711039297e+03
7.800000157685509805e+01 3.351738966416768562e+03
7.810000157887684225e+01 3.351738864898813063e+03
7.820000158089834486e+01 3.351738763926537558e+03
7.830000158292010326e+01 3.351738661787837373e+03
7.840000158494159166e+01 3.351738561631696030e+03
7.850000158696335006e+01 3.351738459708160917e+03
7.860000158898485267e+01 3.351738358405014878e+03
7.870000159100659687e+01 3.351738257471773977e+03
7.880000159302809948e+01 3.351738155398716117e+03
7.890000159504960209e+01 3.351738053816610773e+03
7.900000159707134628e+01 3.351737952779327316e+03
7.910000159909286310e+01 3.351737852522089270e+03
7.920000160111460730e+01 3.351737750928744390e+03
7.930000160313610991e+01 3.351737649232098647e+03
7.940000160515785410e+01 3.351737547732097482e+03
7.950000160717937092e+01 3.351737446793034451e+03
7.960000160920087353e+01 3.351737345389131406e+03
7.970000161122261773e+01 3.351737243413278065e+03
7.980000161324412034e+01 3.351737143022691271e+03
7.990000161526586453e+01 3.351737041453407983e+03
8.000000161728736714e+01 3.351736940981318185e+03
8.010000161930912554e+01 3.351736838575376169e+03
8.020000162133061394e+01 3.351736737910384818e+03
8.030000162335213076e+01 3.351736635649353502e+03
8.040000162537387496e+01 3.351736534890475468e+03
8.050000162739537757e+01 3.351736434010356334e+03
8.060000162941712176e+01 3.351736332911797945e+03
8.070000163143862437e+01 3.351736230484597854e+03
8.080000163346036857e+01 3.351736129299688400e+03
8.090000163548188539e+01 3.351736029287385009e+03
8.100000163750338800e+01 3.351735926475788801e+03
8.110000163952513219e+01 3.351735825654514883e+03
8.120000164154664901e+01 3.351735724280127670e+03
8.130000164356839321e+01 3.351735623212136488e+03
8.140000164558988160e+01 3.351735522291940470e+03
8.150000164761164001e+01 3.351735419579597874e+03
8.160000164963314262e+01 3.351735319031408835e+03
8.170000165165464523e+01 3.351735217595211452e+03
8.180000165367638942e+01 3.351735117457117212e+03
8.190000165569789203e+01 3.351735014954586404e+03
8.200000165771963623e+01 3.351734913843618870e+03
8.210000165974115305e+01 3.351734813200880126e+03
8.220000166176289724e+01 3.351734711837317263e+03
8.230000166378439985e+01 3.351734610299795804e+03
8.240000166580591667e+01 3.351734508475347866e+03
8.250000166782766087e+01 3.351734407824090795e+03
8.260000166984916348e+01 3.351734306597680643e+03
8.270000167187090767e+01 3.351734204798707651e+03
8.280000167389241028e+01 3.351734104691079210e+03
8.290000167591415448e+01 3.351734001578241532e+03
8.300000167793567130e+01 3.351733901345925005e+03
8.310000167995741549e+01 3.351733799183069550e+03
8.320000168197890389e+01 3.351733699062133383e+03
8.330000168400042071e+01 3.351733597713410745e+03
8.340000168602216490e+01 3.351733496427077171e+03
8.350000168804366751e+01 3.351733395234809905e+03
8.360000169006541171e+01 3.351733293905188930e+03
8.370000169208691432e+01 3.351733191755567077e+03
8.380000169410867272e+01 3.351733091157019317e+03
8.390000169613017533e+01 3.351732988636265873e+03
8.400000169815167794e+01 3.351732888281344458e+03
8.410000170017342214e+01 3.351732786723544450e+03
8.420000170219493896e+01 3.351732685750603650e+03
8.430000170421668315e+01 3.351732584312545441e+03
8.440000170623818576e+01 3.351732483525046064e+03
8.450000170825992996e+01 3.351732381980163609e+03
8.460000171028143257e+01 3.351732280222135614e+03
8.470000171230293518e+01 3.351732179022146283e+03
8.480000171432467937e+01 3.351732078608989013e+03
8.490000171634618198e+01 3.351731976184069481e+03
8.500000171836792617e+01 3.351731874930711911e+03
8.510000172038944299e+01 3.351731774095837409e+03
8.520000172241118719e+01 3.351731672451339819e+03
8.530000172443268980e+01 3.351731571108728076e+03
8.540000172645420662e+01 3.351731469750682209e+03
8.550000172847595081e+01 3.351731368219962860e+03
8.560000173049745342e+01 3.351731267182369720e+03
8.570000173251919762e+01 3.351731165631219937e+03
8.580000173454070023e+01 3.351731064405201323e+03
8.590000173656244442e+01 3.351730964437807870e+03
8.600000173858396124e+01 3.351730862580653593e+03
8.610000174060544964e+01 3.351730761027832614e+03
8.620000174262720805e+01 3.351730659813230886e+03
8.630000174464871066e+01 3.351730558129258952e+03
8.640000174667045485e+01 3.351730456568840054e+03
8.650000174869195746e+01 3.351730355770931055e+03
8.660000175071370165e+01 3.351730254249696827e+03
8.670000175273521847e+01 3.351730153666561364e+03
8.680000175475672108e+01 3.351730051436311442e+03
8.690000175677846528e+01 3.351729950318779174e+03
8.700000175879996789e+01 3.351729848291950475e+03
8.710000176082171208e+01 3.351729748045145243e+03
8.720000176284322890e+01 3.351729646287881678e+03
8.730000176486497310e+01 3.351729545743979088e+03
8.740000176688647571e+01 3.351729443725806959e+03
8.750000176890797832e+01 3.351729343130550205e+03
8.760000177092972251e+01 3.351729241345413811e+03
8.770000177295122512e+01 3.351729139753856998e+03
8.780000177497298353e+01 3.351729038598135503e+03
8.790000177699447192e+01 3.351728938348412157e+03
8.800000177901621612e+01 3.351728835265318139e+03
8.810000178103773294e+01 3.351728734861009343e+03
8.820000178305947713e+01 3.351728632871069749e+03
8.830000178508097974e+01 3.351728533082223294e+03
8.840000178710249656e+01 3.351728431583669590e+03
8.850000178912424076e+01 3.351728329912057688e+03
8.860000179114574337e+01 3.351728228178658810e+03
8.870000179316748756e+01 3.351728126548058754e+03
8.880000179518899017e+01 3.351728025661384891e+03
8.890000179721073437e+01 3.351727924207948945e+03
8.900000179923225119e+01 3.351727822869950160e+03
8.910000180125373959e+01 3.351727721499865311e+03
8.920000180327549799e+01 3.351727619836019130e+03
8.930000180529700060e+01 3.351727519143118116e+03
8.940000180731875901e+01 3.351727417932910612e+03
8.950000180934024741e+01 3.351727315815631300e+03
8.960000181136200581e+01 3.351727215889724903e+03
8.970000181338350842e+01 3.351727112628264422e+03
8.980000181540501103e+01 3.351727012301978903e+03
8.990000181742675522e+01 3.351726911791288785e+03
9.000000181944825783e+01 3.351726810212724104e+03
9.010000182147000203e+01 3.351726708685937865e+03
9.020000182349151885e+01 3.351726607636028348e+03
9.030000182551326304e+01 3.351726506318902921e+03
9.040000182753476565e+01 3.351726405275644993e+03
9.050000182955626826e+01 3.351726303339524748e+03
9.060000183157802667e+01 3.351726202155543433e+03
9.070000183359951507e+01 3.351726101163675594e+03
9.080000183562127347e+01 3.351725999157656133e+03
9.090000183764276187e+01 3.351725898828500704e+03
9.100000183966452028e+01 3.351725796509987958e+03
9.110000184168602289e+01 3.351725696168961349e+03
9.120000184370752550e+01 3.351725594921573247e+03
9.130000184572926969e+01 3.351725492726159246e+03
9.140000184775078651e+01 3.351725391745339039e+03
9.150000184977253070e+01 3.351725290678063629e+03
9.160000185179403331e+01 3.351725188907875690e+03
9.170000185381577751e+01 3.351725087434513625e+03
9.180000185583728012e+01 3.351724986251483188e+03
9.190000185785879694e+01 3.351724885233684745e+03
9.200000185988054113e+01 3.351724783789180947e+03
9.210000186190204374e+01 3.351724682644516633e+03
9.220000186392378794e+01 3.351724581675113313e+03
9.230000186594529055e+01 3.351724480598099490e+03
9.240000186796704895e+01 3.351724379611330278e+03
9.250000186998853735e+01 3.351724277209668344e+03
9.260000187201029576e+01 3.351724176948791865e+03
9.270000187403179837e+01 3.351724074616137386e+03
9.280000187605330098e+01 3.351723973322546954e+03
9.290000187807504517e+01 3.351723872603932250e+03
9.300000188009654778e+01 3.351723770779913139e+03
9.310000188211829197e+01 3.351723669306441025e+03
9.320000188413980879e+01 3.351723569262483579e+03
9.330000188616155299e+01 3.351723466575554085e+03
9.340000188818305560e+01 3.351723366219713171e+03
9.350000189020457242e+01 3.351723265041858212e+03
9.360000189222631661e+01 3.351723162638702888e+03
9.370000189424781922e+01 3.351723062072568155e+03
9.380000189626956342e+01 3.351722960129108742e+03
9.390000189829106603e+01 3.351722859177100872e+03
9.400000190031281022e+01 3.351722757847116554e+03
9.410000190233431283e+01 3.351722656723435648e+03
9.420000190435581544e+01 3.351722555853785707e+03
9.430000190637755964e+01 3.351722453971409777e+03
9.440000190839907646e+01 3.351722352718929415e+03
9.450000191042082065e+01 3.351722251264713123e+03
9.460000191244232326e+01 3.351722150066534596e+03
9.470000191446406745e+01 3.351722048621028080e+03
9.480000191648557006e+01 3.351721947750235358e+03
9.490000191850708688e+01 3.351721846999327227e+03
9.500000192052883108e+01 3.351721745018167439e+03
9.510000192255033369e+01 3.351721643582940942e+03
9.520000192457207788e+01 3.351721542242908527e+03
9.530000192659359470e+01 3.351721441090919143e+03
9.540000192861533890e+01 3.351721339829930002e+03
9.550000193063682730e+01 3.351721239452020654e+03
9.560000193265834412e+01 3.351721136774780007e+03
9.570000193468008831e+01 3.351721034890248575e+03
9.580000193670159092e+01 3.351720934259679780e+03
9.590000193872333512e+01 3.351720832557079575e+03
9.600000194074483773e+01 3.351720732374904401e+03
9.610000194276658192e+01 3.351720631049175608e+03
9.620000194478809874e+01 3.351720529315953172e+03
9.630000194680960135e+01 3.351720428117767824e+03
9.640000194883134554e+01 3.351720326240176746e+03
9.650000195085286236e+01 3.351720225446033055e+03
9.660000195287460656e+01 3.351720124321323055e+03
9.670000195489610917e+01 3.351720022742783385e+03
9.680000195691785336e+01 3.351719921284634438e+03
9.690000195893935597e+01 3.351719819731025382e+03
9.700000196096085858e+01 3.351719718883186943e+03
9.710000196298261699e+01 3.351719617169796038e+03
9.720000196500410539e+01 3.351719515822475387e+03
9.730000196702584958e+01 3.351719415264435611e+03
9.740000196904736640e+01 3.351719313569756196e+03
9.750000197106911060e+01 3.351719211386729057e+03
9.760000197309061321e+01 3.351719111635649369e+03
9.770000197511235740e+01 3.351719009867304976e+03
9.780000197713387422e+01 3.351718908773203111e+03
9.790000197915537683e+01 3.351718806772501466e+03
9.800000198117712102e+01 3.351718705201943067e+03
9.810000198319862363e+01 3.351718604254565889e+03
9.820000198522036783e+01 3.351718503734076876e+03
9.830000198724188465e+01 3.351718401172528047e+03
9.840000198926362884e+01 3.351718300477133198e+03
9.850000199128513145e+01 3.351718199689897119e+03
9.860000199330663406e+01 3.351718098256603753e+03
9.870000199532837826e+01 3.351717996811457397e+03
9.880000199734988087e+01 3.351717895518837395e+03
9.890000199937162506e+01 3.351717794787405182e+03
9.900000200139312767e+01 3.351717692821836863e+03
9.910000200341487187e+01 3.351717591703873495e+03
9.920000200543638869e+01 3.351717490536650985e+03
9.930000200745789130e+01 3.351717389090410961e+03
9.940000200947963549e+01 3.351717288009616823e+03
9.950000201150115231e+01 3.351717186014710478e+03
9.960000201352289650e+01 3.351717084723300104e+03
9.970000201554439911e+01 3.351716983334143606e+03
9.980000201756614331e+01 3.351716882560010163e+03
9.990000201958764592e+01 3.351716780669235050e+03
